# quandles_of_order_8.txt

# groups

RQ_quandle_groups[8] := [ [ () ], [ (1,7) ], [ (1,3)(2,8) ], 
  [ (2,4)(3,8)(5,6) ], [ (1,2,3) ], [ (3,7,5)(4,8,6) ], 
  [ (2,4)(3,5), (2,3)(4,5) ], [ (2,8), (1,3)(2,8) ], [ (1,8,3,2) ], 
  [ (1,2)(3,6), (1,2)(3,6)(4,7)(5,8) ], [ (2,3)(4,5), (2,3)(7,8) ], 
  [ (5,8), (1,2)(3,6)(4,7)(5,8) ], [ (2,8)(4,6)(5,7), (1,3)(2,8) ], 
  [ (1,3)(2,8), (1,8)(2,3)(6,7) ], [ (3,6)(4,5)(7,8), (1,2)(3,6)(4,7)(5,8) ],
  [ (6,7), (1,3)(2,8) ], [ (1,7,6,5)(2,3) ], [ (3,4,5,6,7) ], 
  [ (1,2,3), (2,3) ], [ (1,2,3), (5,7) ], [ (3,7,5)(4,8,6), (1,2) ], 
  [ (2,3)(4,5), (2,3,7) ], [ (1,2,3), (2,3)(4,6)(5,7) ], 
  [ (2,3,6)(4,7)(5,8) ], [ (3,7,5)(4,8,6), (3,8)(4,5)(6,7) ], 
  [ (2,4)(3,5), (2,4,6)(3,5,7) ], [ (3,7,5)(4,8,6), (1,2)(5,7)(6,8) ], 
  [ (2,3,4,5,6,7,8) ], [ (3,6)(7,8), (1,2)(7,8), (1,2)(4,5) ], 
  [ (1,6)(2,3)(4,7)(5,8), (1,2)(3,6)(4,7)(5,8), (1,3)(2,6)(4,7)(5,8) ], 
  [ (7,8), (2,3)(4,5), (2,4)(3,5) ], [ (2,3)(7,8), (2,3)(4,5), (1,6) ], 
  [ (7,8), (2,3)(7,8), (2,3)(4,5) ], [ (4,5,7,8), (1,2)(3,6) ], 
  [ (4,7)(5,8), (3,6)(4,5)(7,8), (1,2)(3,6)(4,7)(5,8) ], 
  [ (2,6,3,5), (1,7)(2,3)(4,8) ], [ (5,8), (1,2)(3,6), (1,2)(3,6)(4,7)(5,8) ]
    , [ (3,4)(5,6,7,8), (1,2)(3,4) ], 
  [ (2,3)(4,5), (2,4)(3,5), (1,8)(4,5)(6,7) ], 
  [ (4,8), (1,7)(2,5)(3,6)(4,8), (1,7)(2,6)(3,5)(4,8) ], 
  [ (1,7,6,5)(2,3), (2,3)(4,8)(5,7) ], 
  [ (1,6)(2,8)(3,7), (1,6)(2,8,3,7)(4,5) ], [ (2,4)(3,5), (2,3)(7,8) ], 
  [ (2,4)(3,5), (1,7)(2,6)(3,5)(4,8) ], 
  [ (1,3,5,7)(2,4,6,8), (2,4)(3,7)(6,8) ], [ (1,7,6,5)(2,3), (4,8) ], 
  [ (2,8,3,7), (2,3)(4,5) ], [ (1,7,6,5)(2,3), (2,3) ], [ (3,4,5), (2,7,8) ],
  [ (1,2,3,5,4), (1,2)(3,4) ], [ (3,4,5,6,7), (2,8)(4,7)(5,6) ], 
  [ (3,4,5,6,7), (2,8) ], [ (2,5,3), (2,3,7) ], 
  [ (3,4,5), (1,2)(7,8), (1,7)(2,8) ], [ (2,3), (2,7)(4,5) ], 
  [ (2,5,7)(3,4,6), (2,5,7)(3,6,8) ], [ (2,3,6)(4,7)(5,8), (3,6)(4,8)(5,7) ],
  [ (2,3,6)(4,7)(5,8), (5,8) ], [ (2,4)(3,5), (1,7)(2,8) ], 
  [ (2,6,7,8)(4,5), (3,4,5) ], [ (2,3,6)(4,7)(5,8), (4,5,7,8) ], 
  [ (1,7)(2,5)(3,6)(4,8), (2,5,7)(4,6,8) ], [ (2,3,6)(4,7)(5,8), (3,6) ], 
  [ (1,3)(2,4,5,6,7,8), (1,3) ], [ (2,3)(4,5), (2,7)(4,5)(6,8) ], 
  [ (2,3)(4,7)(5,6), (2,6)(3,7) ], [ (2,5,8,3,7,4), (1,6)(2,5)(3,7)(4,8) ], 
  [ (2,6)(3,7), (1,8)(2,4)(3,5) ], [ (2,3,4,5,6,7,8), (3,8)(4,7)(5,6) ], 
  [ (1,4,6,8,3)(2,5,7) ], [ (7,8), (4,5)(7,8), (1,2)(7,8), (3,6)(7,8) ], 
  [ (3,6)(4,7,5,8), (1,3)(2,6)(4,7)(5,8) ], [ (3,4,8,5), (1,6,2,7)(3,4,8,5) ]
    , [ (3,4)(5,6,7,8), (1,4,2,3) ], 
  [ (1,6)(2,7)(3,5)(4,8), (1,4,8,6)(2,3,7,5) ], 
  [ (3,4)(5,6,7,8), (3,4), (1,2)(3,4) ], 
  [ (3,4)(5,6,7,8), (1,3,2,4)(5,6)(7,8) ], [ (3,4,5), (1,6)(2,7,8)(3,4,5) ], 
  [ (3,5,4)(7,8), (2,8)(3,5,4) ], [ (1,2)(3,5), (3,5,7)(4,6,8) ], 
  [ (1,3,5,2), (1,4,3,5) ], [ (2,8)(3,5,6,7), (2,8)(3,4,5,6) ], 
  [ (1,3,4,2,5)(7,8), (1,4)(2,5)(7,8) ], [ (2,4,6)(3,5,8), (2,6,8,4,3,5,7) ],
  [ (2,5,3), (1,7)(2,5)(3,6)(4,8) ], [ (2,6,5)(3,7,4), (1,8)(2,7)(3,6) ], 
  [ (2,5,3)(6,8), (2,7)(3,5)(6,8) ], 
  [ (2,4)(3,5), (2,4,6)(3,5,7), (2,3)(4,5) ], [ (4,6,5,7), (2,5,7)(3,4,6) ], 
  [ (1,6)(2,3)(4,7)(5,8), (1,6)(2,5)(3,7)(4,8), (1,6)(2,7)(3,5)(4,8) ], 
  [ (3,5), (2,8,7,6)(3,5,4) ], [ (4,8), (2,4)(3,5), (1,7)(2,8) ], 
  [ (1,5,2,6)(3,8,4,7), (3,5,7)(4,6,8) ], 
  [ (1,7)(2,5)(4,8,6), (1,2,3,5,7)(4,6,8) ], [ (1,4,6,8,3)(2,5,7), (5,7) ], 
  [ (2,7)(3,8), (1,6)(2,7,5)(4,8) ], [ (2,5,7)(4,6,8), (3,5,7)(4,6,8) ], 
  [ (2,7)(4,5), (1,2,7)(3,4) ], [ (3,7)(4,8,6), (1,2)(3,5)(4,8,6) ], 
  [ (3,5,7)(4,6,8), (6,8), (1,2)(3,5) ], [ (3,7,4,6), (2,8)(3,5,4,7,6) ], 
  [ (3,7,8,4,6,5), (2,4,6)(3,5,8) ], [ (1,4,7,8)(3,5,6), (1,7)(2,5,3)(4,8) ],
  [ (2,5)(3,6)(4,8), (1,7)(3,5,6) ], 
  [ (1,5,7,2,3,4,6), (1,5)(2,6)(3,7)(4,8) ], 
  [ (2,7)(3,5)(4,6,8), (1,5,2,7,3)(4,6) ], [ (1,2,3,5,7)(4,8,6), (1,5,7,2) ],
  [ (2,5,3)(4,8,6), (2,7)(3,5)(4,8) ], 
  [ (1,3,6,2,5)(4,7,8), (1,5,3,6)(4,7), (7,8) ], 
  [ (1,7)(2,5)(3,6)(4,8), (1,2,7), (2,5,7)(4,6,8) ] ];

# quandles

RQ_quandle_ids[8] := [[1],[2,2,4,8,16,32],[2,2,4,8],[2,2],[2,3,,8,,26,,3,77,\
,3],[2,3,1],[7,16,5,59,4,1],[7,,15,,4,4,55,,3,,4,16,16,130,2,2,,,4,4,6,,,3,,4\
,12,4,16,22,,,3,,4,11,,4,16,44,4,16,64,257,,2,2,,,8,6,,,4,4,32,22,,,3,,4,16,1\
6,128],[2,4,,,14,,,3,,58,,,3,,4,11,1],[6,2,8],[4,6,2,2,12,2,8,,,2,4,2,6,4,4,2\
],[4,4,8],[6,2,5,,2],[4,8,,,,1],[4],[4,4,4,,,,,7,,8,2,2,,,,,4,,,,,5,,,,7,,34,\
2,,,,,4,,,,,5,,,,7,1],[2,4,,,10,4,,1],[2,5,,2,22,,,,4],[2],[4,5,,6,2,4,2,14,2\
,2,2,,,,,4,2,4,,,6,6,45,,5,,,,4,2,20,,,,,3,,,,4,,,5,,6,52,2,4,,,12,16,2,4,,,6\
,6,16,2,4,2,12,22,2,34,2,12,22,233,,5,,5,,,,4,2,13,,,,,,2,,,,,3,,,,4,,,5,,6,7\
65,,5,,,,4,2,20,,,,,3,,,,4,,,5,,6,51,,,,4,,,12,15,,,,4,,,5,,6,15,,2,4,2,12,22\
,2,34,2,12,22],[6,2],[4,1],[10,,3],[11,3,,5,3,,5,3,,13,,,2,,3,,,,2,,3,,,,2,,3\
],[2,6,,,,,6],[2,2],[2,2,2,2],[2],[23,5,19,40,,14,8],[23],[43,4,28,4,28,4,32,\
8,,19,4,2,,2,,,,,30,25,6,,2],[23,,4,20,16,7,,4,11,,4,6,2,2,,,4,4,2,2,2,,,4,4]\
,[43,,3,,2,2,2,2,3,3,,9,8,8,8,8,12,12,43,,3,,10,4,4,2,2,2,4,2,2,4,4,4,2,2,4,4\
,3,,3,,4,4,4,3,,232,24,11,,3,,10,4,13,,3,,2,2,2,2,2,,3,,7,2,3,,,,,,2,2,2,2,,,\
,,,,,,6,2,4,,,,,2,2,2,2,,,635,,,,,,43,,3,,10,4,8,2,2,,,,,,,4,2,2,,,,,,,,,6,2,\
3,,,,,,2,2,2,2,,,,,,,,,69,,2,5,,,,9,,2,,,2,5,,,,5,,,,2,2,,,,,,,,,,,,,101,,2,4\
,,,,,9,,2,,,1024,534,4,,3,2,15,,6,,,3,,2,,,16,7,,4,4,32,15,,10,,,,,,,15,,5,,2\
,2,,,,,,,13,,,,6,2,4,,,,,13,,,,5,,,,3,,,,,,158,2,15,,12,2,,,16,16,32,1598,,33\
,32,62,32,2,31,,256],[4,8,2,2],[14,10],[7,8,8],[26,2,2,2,23,,4,30,2,2,2,3,,3,\
,3,,4,3,,3,,,,,,,,,,119,,4],[6,8,7,,,1],[7,8,8],[23,8],[6,12,3,,,3],[7,4,4,8]\
,[11,4,16],[7,4,4,8],[4],[6,8,4,4,4,4],[13,,16],[11,,8,2,2,6,36,2,2,2,2,,,,,,\
,4,2,2,4,,,,,6,2,6,,,8,8,11,,8,2,2,6,101,,7,,7,,,,,,4,,,2,33,,,,,,,,2,,,,,,,3\
,,,,,,4,,,,,5,,,,6,,,7,,8,3,,7,,7,,,,,,4,,414,2],[11,3,3,20,,,2,,3,40,,,5,,,,\
,,,,14,,5,,,,,,,,14,,5,3,,,,,177,8,,2,,5,,17,,3,5,,3,23],[2],[2,2],[4,8,2,2,2\
,2,33,,7,,,,,,,,,1],[2],[20,47,,1],[10,2,2,2,12,4],[2,3],[19,1],[10,12,2,16,6\
,4,2,2,2,2,2,52,5,,6,2,4,2,16,6,4,2,2,2,2,2,16,6,4,2,2,2,2,2,15,,5,,3,,,,,,,,\
,,,,15,,5,,3,,,,,,,,,,,,160,5,,6,2,4,2,15,,5,,3,,,,,,,,,,,,52,5,,6,2,4,2,20,2\
,2,10,600,12,2,2,2,2,2,2,2,2,2,2,2,2,2,2,2,2,2,2,38,2,2,2,,,,,4,2,4,,,6,6,2,2\
,2,2,2,2,2,2,2,2,2,2,2,2,2,2,2,2,2,2,2,2,2,2,2,2,2,2,2,2,2,2,2,2,2,2,,,,,,,,,\
,,,,,,,,,,,,,,,,,,,,,822,,,,,,,,,,,,,,,,,,,,,,,,,,,,,,,,,,,,,,,,,,,146,2,2,2,\
,,,,4,2,4,,,6,6,,,,,,,,,,,,,,,,,,,,,,,,,,,,,,,,,,,,,38,2,2,2,,,1127,,4,2,4,,,\
6,6],[4],[2,4,8,4],[5,9,3,3,3,6,23,,,7,,,,,,,,,,,,4,,1],[2,3,1],[7,1],[4],[14\
,2,4,2,15,,,,3,,,1],[4,4],[4,2],[7,,4],[2],[7],[661,,2,6,,,3,,3,,4,3,,45,,2,4\
,3,,3,,3,,4,,,5,,,,54,4,4,4,52,2,2,4,2,2,56,8,61,3,864,24,7,113,8,2056],[11],\
[7],[11],[6],[50,2,2,2,2,2,2,2,87,,30,4,2,2],[11],[11,18,12,6,6,3,3,3,3,3,3,7\
8,,4,,,4,,,5,,5,,6],[5,5,,,11,,5,,5],[5,5,,,11,5,,1],[2,2],[3,1],[6,2],[2,1],\
[5],[3],[6,,,10,2],[3],[3],[3],[10,2,2,2],[14,2,14,2,14,2,14,2,13,,2,13,,,,29\
,,2],[2],[5],[4],[4],[13,,1],[4],[8,12,8,4,4,4,4,4],[4,4],[10,,3,1],[3,2],[5]\
,[8,12,10,2,12],[2,1],[4],[5,3],[4],[4,2],[5]];

# number of quandles in this file = 1581

