# quandles_of_order_7.txt

# groups

RQ_quandle_groups[7] := [ [ () ], [ (3,6) ], [ (2,5)(3,6)(4,7) ], 
  [ (1,7)(2,3) ], [ (1,2,3) ], [ (1,5,7)(3,4,6) ], 
  [ (2,5)(3,4), (2,4)(3,5) ], [ (2,3), (1,7)(2,3) ], 
  [ (1,3)(4,5), (1,3)(6,7) ], [ (1,2,7,3) ], [ (2,6,5,4)(3,7) ], 
  [ (5,6), (1,7)(2,3) ], [ (1,2)(3,7)(5,6), (1,7)(2,3) ], [ (3,4,5,6,7) ], 
  [ (1,2,3), (2,3) ], [ (1,2,3), (2,3)(4,7)(5,6) ], [ (1,6)(2,4,7)(3,5) ], 
  [ (1,2,3), (6,7) ], [ (1,2)(6,7), (1,2,4) ], [ (1,3,7,6,5,4) ], 
  [ (2,7)(3,6), (2,4)(3,5) ], [ (6,7), (2,4)(3,5), (2,5)(3,4) ], 
  [ (6,7), (1,3)(6,7), (1,3)(4,5) ], [ (2,6)(3,7), (2,6)(3,4,7,5) ], 
  [ (4,7,5,6), (1,3)(6,7) ], [ (2,6,5,4)(3,7), (3,7) ], 
  [ (2,3,5)(4,6,7), (2,3,5) ], [ (3,4,5,6,7), (1,2) ], 
  [ (2,5)(3,4), (2,3,4,5,6) ], [ (3,4,5,6,7), (1,2)(4,7)(5,6) ], 
  [ (2,3,5), (2,3,4) ], [ (1,5,3)(2,4,6), (1,3,5)(4,6,7) ], 
  [ (1,6)(2,4,7)(3,5), (3,5) ], [ (1,6)(2,4,7)(3,5), (1,3,6,5) ], 
  [ (2,3,6), (1,4,7,5)(3,6) ], [ (1,2)(3,5)(6,7), (1,2,4)(3,5) ], 
  [ (1,2,4)(6,7), (1,4) ], [ (2,4)(3,5), (2,5,7,3,4,6) ], 
  [ (1,3,4,5,6,7,2), (2,3)(4,7)(5,6) ], [ (4,6,7), (2,3,5)(4,7) ], 
  [ (1,2)(3,5,6,7), (1,2)(3,4,5,6) ], [ (2,3,4,5,6), (2,4,3,6) ], 
  [ (1,7,4,2,6,5,3), (2,3,5)(4,6,7) ], [ (2,3,4)(6,7), (2,5)(3,4)(6,7) ], 
  [ (1,2)(3,5)(4,6,7), (6,7), (1,2)(6,7) ], 
  [ (2,6,4)(3,7,5), (2,6)(3,7)(4,5) ], 
  [ (2,4)(3,5), (2,5,7)(3,4,6), (2,4,6)(3,5,7) ], 
  [ (2,5)(6,7), (1,2,5)(4,7) ], [ (1,7,4,2,6,5,3), (2,7,5,6,3,4) ], 
  [ (1,2,3), (1,3,5)(4,6,7), (6,7) ] ];

# quandles

RQ_quandle_ids[7] := [[1],[2,2,4,8,16],[2],[2,2,4],[2,3,,8,,26,,3],[2],[7,16\
,5],[7,,15,,4,4,34,2,2,,,4,4,6,,,3,,4,12,4,16,65,,2,2,,,8,6,,,4,4,32],[4,2,2,\
4,8,4],[2,4,,,14,,,4,4],[3,1],[4,4,2,2,,,,,10,2,,,,1],[4],[2,5,,2],[2],[10,,3\
],[5,6,1],[5,5,,,11,2,,,,,,16,,,4,,,10,,,4,,39,3,2,,,,,,11,2,,,,,,13,,,,,,,,2\
,,,10,,,4,1],[4,1],[2],[2,2],[23,8],[26,2,2,2,23,,4,10,2,8,6,2,2,2,26,,5,4,10\
,2,4,10,2,2,2,7,,4,3,,7,,2,,,2,,,16,14,2,16,6,4,2,3,,160,96],[4,8],[10,2],[6,\
4,4,7,,,,2,2,,,,,6,4,4],[5,6,3,3,21,,2,,3],[4],[2],[2,2],[2],[2,3],[11,12,6,6\
,3,3,3,3,12,,11,,5,,5,,11,1],[6],[2,4],[14,2,4,2],[10,2,2,2],[4],[2],[4,4,2,2\
],[3,1],[2,1],[2,1],[4,5,1],[26,2,4],[3],[3],[4],[3,3],[4]];

# number of quandles in this file = 298

