# quandles_of_order_9.txt

# groups

RQ_quandle_groups[9] := [ [ () ], [ (2,5) ], [ (1,3)(2,9) ], 
  [ (1,7)(3,6)(4,8)(5,9) ], [ (3,7)(4,8)(6,9) ], [ (1,2,3) ], 
  [ (2,5,7)(4,6,8) ], [ (2,5)(3,4), (2,4)(3,5) ], [ (1,2,3,9) ], 
  [ (2,9), (1,3)(2,9) ], [ (1,3)(4,5), (1,3)(8,9) ], 
  [ (1,6)(2,5)(3,7)(4,8), (1,6)(2,5) ], [ (4,8), (1,7)(3,6)(4,8)(5,9) ], 
  [ (4,5), (1,3)(2,9) ], [ (1,3)(2,9), (1,9)(2,3)(4,5) ], [ (1,8)(2,3,7,9) ],
  [ (1,7)(3,6)(4,8)(5,9), (1,6)(3,7)(4,8)(5,9) ], [ (1,2,3,9)(4,5)(7,8) ], 
  [ (2,9)(4,5)(7,8), (1,3)(2,9) ], [ (1,5,7,9)(3,4,6,8) ], 
  [ (3,9)(4,8)(5,6), (1,7)(3,6)(4,8)(5,9) ], [ (1,8,3,2,9) ], 
  [ (1,2,3), (2,3) ], [ (1,2,3), (4,6)(5,7)(8,9) ], [ (1,2,3), (5,7) ], 
  [ (1,6)(3,7)(4,8)(5,9), (2,6)(3,7)(4,8)(5,9) ], [ (1,2)(8,9), (1,2,4) ], 
  [ (2,6)(3,7,5)(4,8) ], [ (1,2,3), (2,3)(4,6)(5,7) ], 
  [ (2,5,7)(4,6,8), (3,9) ], [ (2,8,5,4,7,6) ], [ (2,8)(3,9), (2,4)(3,5) ], 
  [ (1,4,7)(2,5,8)(3,6,9), (4,7)(5,8)(6,9) ], 
  [ (1,4,8)(2,5,6)(3,7,9), (2,7)(3,5)(4,8)(6,9) ], 
  [ (2,5,7)(4,6,8), (3,9)(5,7)(6,8) ], [ (2,9)(3,8,7,6,5,4) ], 
  [ (3,4,5,6,7,8,9) ], [ (1,3)(2,6), (1,3)(4,5), (1,3)(7,8) ], 
  [ (8,9), (2,4)(3,5), (2,5)(3,4) ], [ (8,9), (1,3)(8,9), (1,3)(4,5) ], 
  [ (1,6)(2,5)(3,7)(4,8), (1,5)(2,6)(3,7)(4,8), (1,6)(2,5) ], 
  [ (1,6,3,7)(4,9,5,8), (1,6,3,7)(4,8,5,9) ], 
  [ (1,8)(2,6)(4,7)(5,9), (1,7)(2,6)(4,8)(5,9), (1,7)(2,5)(4,8)(6,9) ], 
  [ (1,3)(8,9), (1,3)(4,9)(5,8) ], [ (1,5)(2,4), (1,2)(8,9) ], 
  [ (6,7), (1,3)(8,9), (1,3)(4,5) ], [ (1,8)(2,3,7,9), (1,8) ], 
  [ (4,8)(5,9)(6,7), (1,6,3,7) ], 
  [ (1,5)(2,6)(3,8,7,4), (1,6)(2,5)(3,7)(4,8) ], 
  [ (4,8), (1,6)(2,5), (1,6)(2,5)(3,7)(4,8) ], 
  [ (1,2)(3,8,7,9), (1,2)(4,5) ], 
  [ (3,7)(4,8), (2,5)(3,8)(4,7), (1,6)(2,5)(3,7)(4,8) ], 
  [ (3,8,7,4), (1,6)(2,5)(3,8,7,4) ], [ (4,5)(6,7)(8,9), (2,5)(3,4) ], 
  [ (1,5)(2,7)(4,8)(6,9), (1,5)(2,4) ], [ (1,8)(2,3,7,9), (1,8)(3,9)(5,6) ], 
  [ (1,8)(2,3,7,9), (5,6) ], [ (1,6,9,4,7,3,5,8) ], 
  [ (1,5,7,9)(3,4,6,8), (3,4)(5,9)(6,8) ], 
  [ (5,9), (1,6)(3,7)(4,8)(5,9), (1,7)(3,6)(4,8)(5,9) ], 
  [ (4,9)(5,8)(6,7), (1,3)(8,9) ], [ (2,4,5), (3,8,9) ], 
  [ (1,2,3)(7,9,8), (1,3,2)(4,6,5) ], [ (1,7,9)(2,5,4)(3,6,8), (2,4,5) ], 
  [ (1,2)(3,5), (1,3)(2,4) ], [ (1,7)(2,4,8,5,9)(3,6) ], 
  [ (1,7)(3,6)(4,8)(5,9), (2,6)(3,7)(4,8)(5,9) ], 
  [ (1,8,3,2,9), (2,3)(6,7)(8,9) ], [ (1,8,3,2,9), (6,7) ], 
  [ (2,3,5), (2,3,4) ], [ (2,5)(3,4), (1,8,9), (2,4)(3,5) ], 
  [ (1,2,4), (8,9), (1,2)(8,9) ], [ (7,8,9), (1,2)(3,6), (1,2)(4,5) ], 
  [ (1,3,4)(2,6,5), (1,4)(3,9) ], [ (2,6)(3,7,5)(4,8), (1,9)(4,8)(5,7) ], 
  [ (2,6)(3,7,5)(4,8), (1,9)(2,4,6,8)(5,7) ], [ (1,2,7)(3,5,9,6)(4,8) ], 
  [ (2,6)(3,7,5)(4,8), (4,8) ], [ (1,5)(2,7)(4,8)(6,9), (1,5)(3,4) ], 
  [ (2,6)(3,7,5)(4,8), (1,9)(2,4)(6,8) ], [ (1,2)(4,8)(5,9), (1,2,6)(3,7) ], 
  [ (2,6)(3,7,5)(4,8), (2,4)(5,7)(6,8) ], [ (2,6)(3,7,5)(4,8), (1,9) ], 
  [ (1,3)(8,9), (2,5)(3,4), (1,3,4) ], [ (2,6)(3,7,5)(4,8), (2,4,6,8) ], 
  [ (2,6)(3,7,5)(4,8), (5,7) ], 
  [ (1,8,4), (2,6)(3,7)(4,8)(5,9), (2,7)(3,6)(4,8)(5,9) ], 
  [ (1,8,4), (1,4)(2,3,6,5) ], [ (2,8)(3,9), (2,9,4,3,8,5) ], 
  [ (2,7)(3,6)(4,8)(5,9), (2,5,7)(4,6,8) ], [ (2,4)(6,7)(8,9), (1,4)(8,9) ], 
  [ (2,9)(4,8)(6,7), (1,6,9,5,2,7) ], [ (2,9)(3,8,7,6,5,4), (2,9) ], 
  [ (4,8)(5,9), (2,4,8)(3,5,9)(6,7) ], 
  [ (2,9)(3,8,7,6,5,4), (2,9)(4,8)(5,7) ], 
  [ (2,6)(3,7)(4,8)(5,9), (2,5,9,6,3,7)(4,8) ], 
  [ (2,7)(3,5)(4,8)(6,9), (1,8,4)(2,3,5,7,6,9) ], [ (3,4,5,6,7,8,9), (1,2) ],
  [ (3,4,5,6,7,8,9), (4,9)(5,8)(6,7) ], 
  [ (1,5)(2,7)(4,8)(6,9), (1,7)(3,6)(4,8)(5,9) ], [ (1,5,8)(3,6,9,4,7) ], 
  [ (7,8), (4,5)(7,8), (2,6)(4,5), (1,3)(2,6) ], 
  [ (3,8,7,4), (1,5)(2,6)(3,7)(4,8), (1,6)(2,5)(3,7)(4,8) ], 
  [ (4,8), (3,7)(4,8), (1,5)(2,6)(3,7)(4,8), (1,6)(2,5)(3,7)(4,8) ], 
  [ (1,3)(4,8,5,9)(6,7), (1,7,3,6)(4,8,5,9) ], 
  [ (1,5)(2,7)(3,6)(4,8), (1,3,6,5)(2,4) ], 
  [ (1,6,3,7)(4,8,5,9), (1,6,3,7)(4,9,5,8), (4,8)(5,9)(6,7) ], 
  [ (3,8)(4,7)(5,6), (3,7)(4,8), (1,6)(2,5)(3,7)(4,8) ], 
  [ (1,2)(3,8,7,9), (1,5,2,4) ], 
  [ (2,5)(6,9)(7,8), (2,9)(5,6), (1,8)(2,6)(4,7)(5,9) ], 
  [ (1,2)(3,8,7,9), (4,5), (1,2)(4,5) ], 
  [ (1,5)(2,7)(4,8)(6,9), (1,2,7,5)(4,9,8,6) ], 
  [ (3,9,7,8)(4,5), (1,5,2,4)(3,8)(7,9) ], 
  [ (6,9), (1,5)(2,4), (1,5)(2,7)(4,8)(6,9) ], 
  [ (6,7), (1,2)(8,9), (1,5)(2,4) ], 
  [ (1,8)(2,7)(3,6)(5,9), (1,5,7)(2,9,8)(3,4,6), (1,6,9)(2,7,4)(3,8,5) ], 
  [ (2,4), (1,9,7)(2,5,4)(3,8,6) ], [ (2,4,5)(3,8,9), (2,5,4)(8,9) ], 
  [ (2,4,5)(6,7), (2,4,5)(3,9,8)(6,7) ], 
  [ (1,6)(2,4,5)(3,9)(7,8), (1,9,7)(2,4,5)(3,8,6) ], 
  [ (1,6,9)(2,5,8)(3,4,7), (1,9)(2,8) ], [ (1,5,7)(4,6,9), (1,7)(3,8) ], 
  [ (1,4,8,5,9,6)(2,7), (1,4,8,5,9,6)(3,7) ], 
  [ (1,3,6,7,8,9,2,5,4), (1,7)(3,6)(4,8)(5,9) ], 
  [ (1,7)(3,6)(4,8)(5,9), (2,7)(3,4,8,5,9,6) ], [ (1,3,5,4), (1,4,3,2) ], 
  [ (1,7)(2,4,8,5,9)(3,6), (1,6,7,3)(4,9)(5,8) ], 
  [ (1,7)(2,4,8,5,9)(3,6), (3,6) ], [ (1,3)(2,4), (1,5,4,2)(6,9)(7,8) ], 
  [ (1,7)(2,4,8,5,9)(3,6), (1,6,7,3) ], 
  [ (1,5,7,3)(2,4,6,8), (2,6)(3,7)(4,8)(5,9) ], 
  [ (5,9), (2,6)(3,7)(4,8)(5,9), (1,7)(3,6)(4,8)(5,9) ], 
  [ (2,3)(4,5), (1,2)(3,5)(8,9) ], [ (1,3,5,4)(2,6), (1,4)(3,9) ], 
  [ (1,5,7)(4,6,9), (1,8,6)(5,9,7) ], [ (3,4,5), (2,3)(4,5)(7,8) ], 
  [ (2,4)(3,5), (2,5)(3,4), (1,8,9)(6,7) ], 
  [ (1,3)(2,6), (1,3)(8,9), (1,3)(7,8), (1,3)(4,5) ], 
  [ (2,8)(3,9), (2,4)(3,5), (2,5)(3,4) ], 
  [ (8,9), (1,2)(3,6), (3,6)(4,5)(7,8,9) ], 
  [ (3,6)(4,5), (1,2)(3,6), (4,5)(7,8,9) ], [ (2,6,3,4), (1,2,4)(3,6,5) ], 
  [ (8,9), (2,5)(3,4), (1,8,9)(2,4)(3,5) ], [ (3,7,9), (2,6)(3,7)(4,8)(5,9) ]
    , [ (1,3,4)(2,6,5), (7,8), (1,4)(3,9) ], 
  [ (1,4)(2,3,6,5), (1,8,4), (7,9) ], 
  [ (4,8), (1,5)(3,4), (1,5)(2,7)(4,8)(6,9) ], 
  [ (1,2,7)(3,5,9,6)(4,8), (4,8) ], 
  [ (6,9), (1,5)(3,4), (1,5)(2,7)(4,8)(6,9) ], 
  [ (2,7)(3,6)(4,8)(5,9), (2,6)(3,7)(4,8)(5,9), (1,8,4)(5,9) ], 
  [ (4,8), (1,8,4)(2,3,6,5) ], [ (2,9,7,6)(3,8,4), (1,5)(2,7)(4,8)(6,9) ], 
  [ (1,5,2,4), (1,5)(2,4)(3,6)(7,8,9) ], 
  [ (2,5)(8,9), (3,4)(8,9), (1,4,3)(8,9) ], 
  [ (2,5)(8,9), (3,4)(8,9), (1,4,3)(6,7) ], 
  [ (1,3)(2,6), (1,3)(2,4,6,8)(5,7,9) ], 
  [ (1,4,2)(3,5,6), (1,5)(2,6,3,4)(8,9) ], 
  [ (1,7)(2,5)(4,8)(6,9), (1,6)(2,5), (1,6)(2,7)(4,8)(5,9) ], 
  [ (4,6,8)(5,7,9), (2,6,3,7)(4,8,5,9) ], 
  [ (1,7)(3,6)(4,8)(5,9), (1,2,7)(3,9,6)(4,8,5) ], 
  [ (1,6,9)(2,4,7)(3,5,8), (1,9)(2,8,3,7)(4,5) ], 
  [ (2,3)(4,6,8,5,7,9), (2,6)(3,7)(4,8)(5,9) ], 
  [ (2,5,9,6,3,7)(4,8), (4,8), (2,6)(3,7)(4,8)(5,9) ], 
  [ (1,7,9)(2,5,4)(3,6,8), (2,4,5), (1,7,9) ], 
  [ (1,4)(2,8), (1,4,2,6,8)(5,7,9) ], [ (1,5,8)(3,6,9,4,7), (5,8) ], 
  [ (3,8)(4,5), (1,4)(2,3,8) ], [ (3,8,9), (1,2,4), (1,5,2) ], 
  [ (1,2,5,7)(3,4,6,9), (1,7,9)(2,5,4)(3,6,8) ], 
  [ (2,3,6), (2,3)(4,5), (2,3)(4,9), (2,3)(7,8) ], 
  [ (1,6)(2,5)(3,4), (1,9)(2,8)(3,7,4) ], 
  [ (1,6)(2,5)(3,7,4), (1,8)(2,9)(3,7,4)(5,6) ], 
  [ (1,5)(3,8)(4,6), (1,7)(3,8)(4,6,9) ], [ (3,8)(4,6,9)(5,7), (1,7)(4,6,9) ]
    , [ (1,5)(2,7)(4,8)(6,9), (1,4,8,5,9,6)(3,7) ], 
  [ (1,6,2,3,7)(4,8)(5,9), (5,9), (1,7)(3,6)(4,8)(5,9) ], 
  [ (1,4,9,5)(2,6)(7,8), (1,9,3,5)(2,6) ], [ (1,3,9,4,5)(2,6), (1,5,9,4) ], 
  [ (1,4,8,6,9,5), (1,8)(4,7)(6,9) ], [ (1,4,7)(5,9,8), (1,6,5)(2,3)(4,7,8) ]
    , [ (1,7)(2,6)(4,8)(5,9), (1,7)(3,8,6,4,9,5) ], 
  [ (1,2)(4,5), (3,7,8), (3,9,7), (1,5)(2,4) ], 
  [ (4,5)(8,9), (2,6)(8,9), (1,3)(2,6), (7,9) ], 
  [ (2,6)(3,9,5), (2,6)(3,9)(4,8)(5,7) ], 
  [ (2,4,6,8)(3,9,7), (2,6)(4,8)(5,7,9) ], 
  [ (4,8)(5,9), (2,5,8)(3,4,9)(6,7) ], 
  [ (1,6)(2,7)(4,8)(5,9), (1,7,2)(4,8)(5,6,9) ], 
  [ (1,3)(2,4,6,8)(5,7,9), (7,9), (1,3)(2,6) ], 
  [ (3,5,9,6)(4,8), (1,7)(3,6)(4,8)(5,9), (2,8) ], 
  [ (1,2)(3,5,7)(4,6,8,9), (5,7), (1,2)(3,5) ], 
  [ (1,7,9)(2,5,4)(3,6,8), (3,6,8)(7,9) ], 
  [ (1,7)(2,6)(4,8)(5,9), (1,6,9)(2,7,3)(4,5,8) ], 
  [ (1,7)(2,6)(4,8)(5,9), (1,5,7,2,9,4,8,3,6) ], 
  [ (2,6,8,3,7,9,4), (2,3,8,7,6,5,4) ], 
  [ (1,2,4,6,8)(3,5,7), (1,2,4,6,8)(5,7,9) ], 
  [ (1,2)(5,7,9)(6,8), (1,6)(2,4)(5,9) ], [ (2,8,6,4), (1,2,6,4)(5,7,9) ], 
  [ (2,5,4)(6,7), (1,4)(2,5)(3,8,9) ], [ (2,5,4)(8,9), (1,5)(2,4)(3,8,9) ], 
  [ (1,9)(2,8), (1,5,8)(2,6,9)(3,4,7) ], 
  [ (2,3,6), (1,8,9), (1,9,7), (2,3)(4,5) ], 
  [ (1,5,2,9)(3,6,8), (1,9,4)(2,5,7)(3,8,6) ], 
  [ (1,9,7)(2,4,5)(3,8,6), (1,9,6,7,2,5,8,4) ], 
  [ (5,9)(7,8), (3,6)(5,9), (2,3,6)(4,9,5)(7,8) ], 
  [ (1,2)(3,6,7,8,9)(4,5), (1,2)(3,8,7,9), (4,5) ], 
  [ (3,7)(5,8), (1,6,9)(2,3,7)(4,5) ], 
  [ (1,5)(2,7)(4,8)(6,9), (1,3,5,7,2)(4,6,8), (1,3)(2,5) ], 
  [ (1,3,4,6,8)(2,5,7), (1,3,6,4)(2,5), (5,7) ], 
  [ (2,7)(3,6)(4,8)(5,9), (4,6,8)(5,7,9), (2,5,7)(4,6,8) ], 
  [ (1,9)(3,7)(4,6)(5,8), (1,6,4)(2,3)(5,8,9) ], 
  [ (1,5,2,6)(3,4)(8,9), (1,6,8)(2,5,9)(4,7) ], 
  [ (1,8)(3,6)(4,5)(7,9), (2,3,6)(4,5)(7,9,8) ], 
  [ (5,8)(6,9), (4,7)(5,8), (1,6)(2,5,8)(3,7,4) ], 
  [ (2,5,3,7)(6,9,8), (1,7,3,2,5)(4,8)(6,9) ] ];

# quandles

RQ_quandle_ids[9] := [[1],[2,2,4,8,16,32,64],[2,2,4,8,16],[2],[2,2,4],[2,3,,\
8,,26,,3,77,,3,239,,3,9],[2,3,,8,1],[7,16,5,59,4,,251,4,,16],[2,4,,,14,,,3,,5\
8,,,3,,4,11,,234,,,3,,4,11,,4,59,1],[7,,15,,4,4,55,,3,,4,16,16,215,,3,,4,12,4\
,16,64,64,514,2,2,,,4,4,6,,,3,,4,12,4,16,22,,,3,,4,11,,4,16,44,4,16,64,86,,,3\
,,4,11,,4,16,43,,4,16,64,172,4,16,64,256,1025,,2,2,,,8,6,,,4,4,32,22,,,3,,4,1\
6,16,128,86,,,3,,3424,12,4,16,64,64,512],[4,8,,,2,18,2,2,6,2,8,2,20,,,2,7,,8,\
12,2,8,2,62,2,106,2,8,2,62,2,10],[6,2,6,2,5,,2,5,,,,29,,2],[4,4,3,,4,2,2,2,2,\
2,,,2,2,8,8,6,2,6,2],[7,,4,11,,3,,4,12,4,18,2,2,,,4,4,6,,,3,,4,12,4,16,3,,3,,\
3,,4,7,,3,,4,11,,4,16,,,,,2,,,3,,4,6,,,3,,4,11,,4,16,131,,3,,3,,4,7,,3,,4,11,\
,4,16,,,,,2,,,3,,4,6,,,3,,4,11,,4,16],[7,,15,,3,,38,4,,,14,,,3,1],[3,4,4,,11,\
4,,15,,23,4,4,,11,4,,15,1],[10,2],[3,,8],[4,8,6,,,2,,,2,2,2,2,17,,,,3,,2,2,4]\
,[2],[4,4,2,2,4],[2,5,,,23,,,,4,118,,,,3,,,4,,25],[2],[29,3,,8,1],[4,5,,6,2,4\
,2,21,,5,,,,4,2,28,2,4,,,12,22,2,86,2,2,2,,,,,4,2,4,,,6,6,8,,,,,3,,,,4,,,5,,6\
,16,2,4,,,6,6,22,,,5,,6,30,6,36,261,,5,,,,4,2,27,,,,4,,,12,22,2,128,,,,,3,,,,\
4,,,5,930,6,15,,,,4,,,5,,6,22,,,5,,6,29,,6,36,304,2,4,,,6,6,22,,,6,6,72,88,2,\
4,,,6,6,22,,,5,,6,30,6,36,88,2,4,2,12,22,2,12,72,130,2,12,202,2,12,72,130,138\
5,,5,,5,,,,4,2,21,,5,,,,4,2,27,,,,4,,,12,22,2,85,,,,4109,,2,,,,,3,,,,4,,,5,,6\
,8,,,,,3,,,,4,,,5,,6,15,,,,4,,,5,,6,22,,,5,,6,29,,6,36,261,,5,,,,4,2,27,,,,4,\
,,12,22,2,128,,,,,3,,,,4,,,5,,6,15,,,,4,,,5,,6,22,,,5,,4896,29,,6,36,303,,,,4\
,,,5,,6,22,,,6,6,72,87,,,,4,,,5,,6,22,,,5,,6,29,,6,36,87,,2,4,2,12,22,2,12,72\
,130,2,12,202,2,12,72,130],[28,,3,9],[4,1],[5,5,,,8,3,2,,,,,,16,,,4,,8,,,,,,,\
,2,,41,,,4,,,4,,,2,,,,,2,,,,,2,2,,,10,,,4,,,8,,,,,2,,,,,16,,,14,2,,,113,5,,,1\
1,5,,,16,,,4,,11,,,4,,42,,5,,5,6,,5,,467,12,,5,,11,,5,,17,18],[10,,3],[4,6,5,\
,6,4,2,2,2,2,2,,,,,,,2,2,2],[4,5,,6,2,4,2,21,,5,,,,4,2,28,2,4,,,12,22,2],[2,2\
],[2,2,4],[2],[2,2,4,2],[10,,,2],[2,7,,,3],[45,2,,2,2,3,3,2,2,2,109,3,,,,,,,,\
,27,4,,,,,,,,,,27,2,86,,3,,25,,3,3,309,2,,,,,,3,,,,,,,,,,59,46,,,,,,,,57,,,5]\
,[43,4,32,8,,30,149,4,28,4,28,4,2,,2,,,,,23,6,,2,179,4,28,4,2,,2,,,,,23,6,,2,\
179,4,28,4,2,,2,,,,,23,6,,2,215,8,,23,2,,,,,,,,37,,2,23,,7,140,4,2,,,,,,,,23,\
2,,,,,,,,33,,3,,2,21,,,,5,1470,,183,,70,,177,6,,,,69,1],[43,,3,,10,4,17,,7,,7\
,,22,4,,3,2,94,45,,3,,2,2,2,2,3,3,,12,,3,,2,2,2,2,2,,3,,12,,3,,3,,3,,3,,3,,15\
,,2,,,2,,,3,,2,,,18,2,2,2,3,,2,,,22,2,2,,,2,,,27,4,31,,9,8,8,8,8,3,,3,,4,4,3,\
,575,,16,8,8,16,4,3,,4,4,24,8,24,3,,3,,32,32,8,12,12,8,4,4,4,4,4,4,52,12,20,4\
,8,32,64,43,,3,,10,4,13,,3,,,,2,,,,,2,,,,,,,15,,5,,2,,,,,,,,,90,4,32,45,,3,,2\
,2,2,2,2,,3,,12,,3,,2,,,2,,,3,1372,2,,,15,,,,,,,,,,,,,,,,,,18,2,2,2,,,,,,,,,2\
2,2,,,,,,,,,26,,3,,31,,39,2,3,,,,,,2,2,2,2,,,,,,,,,12,3,,3,,3,,4,3,,13,,,,2,,\
,,,,,,,,,,,,,18,1684,2,2,2,,,2,,,22,2,,,,,,,,,25,,,,,,,,29,,,,38,2,4,,,,,2,2,\
2,2,,,,,,,,,16,4,4,8,13,,,,,,,,,,,,,,,,,,,,18,2,2,2,2,,,,,,,22,2,,,,,,,,,25,,\
,,,2014,,,29,,,,1142,,3,,3,2,58,3,,2,26,,3,,,30,2,111,,2,,,2,,,3,,2,,,18,,,2,\
,,3,,2,,,22,,,2,,,2,,,27,,3,,30,,,112,4,3,,4,4,20,3,,4,4,23,,3,,3,,28,4,32,11\
6,12,20,4,8,32,64,402,2,2,2,3,,2,,,4534,2,2,,,2,,,27,,3,,30,,,152,8,24,3,,3,,\
32,32,148,4,8,24,4,4,64,438,2,2,,,,,,,27,,2,,,29,,,,182,2,3,,2,,,28,3,,30,,,1\
91,,32,31,,1534,,257,256,267,,3,,10,4,13,,3,,10,4,13,,3,,2,2,2,,,2,,,2,,,15,,\
8566,2,2,,,2,,,90,4,32,4,2,2,2,4,2,2,4,4,4,2,2,6,2,2,2,2,2,4,2,2,2,2,2,2,12,4\
,4,4,4,4,14,2,4,2,2,4,2,2,20,4,4,4,24,4,4,28,4,30,2,4,4,3,,3,,4,4,4,3,,8,3,,3\
,,4,4,3,,3,,11,,3,,4,3,,4,3,,15,,4,3,,3,,9087,,20,4,4,4,24,4,3,,28,4,31,,299,\
,3,,10,4,13,,3,,2,2,2,,,2,,,2,,,15,,6,2,2,,,2,,,90,4,32,40,2,2,,,2,,,2,2,2,2,\
2,,,2,,,11,,2,,,2,2,2,,,2,,,2,,,14,,,4,2,,,2,,,2,,,20,4,4,4,22,9912,2,,,2,,,2\
6,,,2,,,30,,,38,2,3,,2,,,2,2,2,2,2,,,2,,,11,,3,,3,,3,,3,,3,,14,,,2,,,2,,,2,,,\
2,,,18,2,2,2,2,2,2,,,22,2,2,,,2,,,26,,,2,,,30,,,331,,3,,4,3,,3,,3,,15,,4,1061\
5,,3,,3,,28,4,23,,3,,3,,27,,3,,31,,76,4,8,4,4,16,8,4,4,56,4,4,28,4,32,75,,3,,\
4,3,,4,3,,15,,4,3,,3,,3,,20,4,4,4,23,,4,3,,28,4,31,,367,,6,,,2,,,2,,,58,2,2,2\
,26,,,2,,,30,,,110,,,6,2,2,2,2,,11904,56,2,2,2,2,28,4,30,,,110,,,4,2,,,3,,2,,\
,20,4,4,4,22,,,3,,2,,,28,3,,30,,,916,4,4,4,24,4,4,28,4,32,950,2,4,2,,,28,4,30\
,,,988,4,32,510,256,2,255,,8968,24,8,4,4,12,4,64,128,808,4,4,12,4,16,4,4,8,16\
,8,4,4,92,4,32,1920,64,64,4096],[50,2,4,85,,31,,3,,,,3,1],[10,16],[29],[37,,2\
,8],[35,4,8,16],[23,,3,,12,8,12,11,,15,,3,,7,,3,,3,,4,4,4,4,14,2,2,2,3,,3,,2,\
,,3,,4,4,4,4,12,11,,2,,3,2,3,,3,,2,,,3,,3,4,,3,5,4,4,4,23,,,,,,3,,2,,,6,2,6,2\
,3,,,,,,3,,2,,,19,,,,,,3,,2,,352,3,,,,,,3,,2,,,6,,4,,2,2,151,,11,,3,,3,,4,4,4\
,4,27,,11,,3,,3,,4,4,4,4,23,,3,,2,,,3,,3,,3,,3,,4,4,4,4,23,,3,,2,,,3,,3,,3,,3\
,,4,4,4,4,39,,2,,,3,,3,,3,,2,,,3,,3,,35,,870,,,3,,3,,3,,2,,,3,,3,,164,4,8,12,\
39,,3,,8,4,4,4,40,4,4,4,12,39,,3,,3,,4,4,4,4,55,,3,,3,,4,51,4,4,,4,180,4,60,4\
,60,4,4,56,4,4],[13,,,,22,9,30,,,,5,,,,5,,,6,,,,6,,,7,,8,38,9,119,8,,,63,8,,1\
38,4,4,,,,,,,6,16,8,,,26,,,,,,,3,,,,,,5,,,6,,,,6,,,7,,8,22,16,8,,,118,8,,,62,\
,,7,,141,,,,5,,,,5,,1047,,5,,,,5,,,,6,,,7,,8,13,,,,5,,,,5,,,,5,,,,6,,,7,,8,21\
,,,,5,,,,5,,,,6,,,7,,8,29,,,,5,,,,6,,,7,,8,37,,,,6,,,7,,8,46,,,7,,8,55,,8,64,\
,,,,,,,,2,,1548,,,,,3,,,,,,4,,,,,5,,,,6,,,7,,8,10,,,,,,,3,,,,,,4,,,,,5,,,,6,,\
,7,,8,19,,,,,,4,,,,,5,,,,6,,,7,,8,28,,,,,5,,,,6,,,7,,8,37,,,,6,,,7,,8,1902,,,\
7,,8,55,,8,64,13,,,,22,9,30,,,,5,,,,5,,,6,,,,6,,,7,,8,38,9,119,8,,,63,8,,138,\
4,4,,,,,,,6,16,8,,,26,,,,,,,3,,,,,,5,,,6,,,,6,,,7,,8,22,16,8,,,118,8,,,62,,,7\
,1],[35,4,4,8,4,4],[11,16],[45,,2,3,,3,,3,,,,28,2,2,2,26,3,3,13,,,,3,,3,,3,,,\
,15,,,,3,,3,,3,,,,5,,3,,,,,,,,,,3,,3,,,,,,,,,,3,,3,,,,,,,,,,3,,3,,,,,,,,,,141\
,,,,2,,3,,3,,413,3,13,,2,,,,,,,,,,,,,,,,,18,4,3,,,,,,,,26,3,3,141,,,,3,,3,,3,\
,,,15,,,,3,,3,,3,,,,5,,3,,,,,,,,,,3,,3,,,,,,,,,,3,,3,,,,,,,,,,3,,3,,,,763,,,,\
,,5,,2,5,,,,,,,,,,,,,,,,,,,,13,,2,,,,,,,,,,,,,,,,,17,,2,,,2,,,,,,,,,25,,2,,,2\
,5,,,,5,,,,,,,,,,,,,,,,,,,,5,,,,5,,,,945,,,,,,,,,,,,,,,,,,,,,,,,,,,,,,,,,,,,,\
,,,,,,,,,,,,,,,,,,,,,,,,,,,,,,,,,,,,,,,,,,,909,,,,2,,3,,3,,2,3,13,,2,,,,,,197\
4,,,,,,,,,,,18,4,3,,,,,,,,26,3,3],[19,,,,13,8,4,2,,,,,,,,27,,,,21,6,,,,,,,,25\
,,,,,,3,,,,,,19,,,,,,3,,,,,1],[27,2,13,2,2,2,43,8,,3,,,,,,,,,,50,2,4,2,2,4,2,\
2,3,2,,,,3,1],[10,4,7,,,,,,,,,,,,10,4,39,,,,,,,,,,,,5,,,,,,,,,,,,5,,,2,,,2,,,\
43,4],[19,4,4,24,4,4],[35,4,2,,,2,,1],[11,4,4,4,2,,,2,,,12,4],[7,8,8,,11,4,4,\
4,2,,,,,,,,11,4,4,4,2,,,,,,,,11,4,4,4,2,,,,,,,,15,8,8,,11,4,4,4,2,,,,,,,,11,4\
,4,4,2,,,,,,,,11,4,4,4,2,,,,,,,1],[2],[6,2],[27,4,8,8,8,4,11,2,6,2,6,2,3,,2,,\
44,4,12,4,4,4,4,4,4,4,4,4,3,2,2,2,,,,,,,,,2,2,2,2,,,,,,,,1],[35,2,,,4,2,,1],[\
13,,,27,41,3,3,3,,,,,,,,14,3,6,,,,,17,9,,172,,,2,,3,2,,,,,,,,3,2,,,,,14,,3,6,\
2,,27,337,,,7,,9,,3,5,,2,,6,3,38,,,,,,,,4,,2,,5,,,,,,5,,,,,6,,,,7,,,8,,9,95,9\
87,8,,17,,2,,6,3,38,,,,,,,,3,,,,,,,5,,3,5,,,,,6,,,,7,,,8,,9,95,,26,,2,,6,3,38\
,3,,,,,23,,,,,6,,,,8,9,,9,1581,11,69,,2,,8,18,,9,41,,161,,3,6,2,,27,41,,3,6,3\
,230],[5,,8,1],[5,9,1],[2],[7,10,,2],[26,,5,1],[6,1],[7,9,,,,,37,4,,,,,,,,,,4\
6,,,,,6,,,,,6,,,,,6,,,,,16,,,,,6,,2,7,,,,,312,5,4,,,,,,,,,,37,4,,,,,,,,,,41,,\
,,,,,,,,,,2,2,,,,,,,,,,,,,,640,6,,,,,16,,,,,6,,2,7,,,,1],[2],[19,48,4,88,4,4,\
44,4,48,176,12,10,,,,23,4,8,4,8,,3,,63,4,4,4,4,4,4,,,,,,,,,,19,4,8,4,8,,,,,,2\
3,12,12,1],[34,2,4,8,2,2,4,8],[18,20,,3,,3,,42,,,,21,,,2,,,63,4,4,16,4,,18,,,\
2,,,,,,,,17,,,2,,,,21,,,234,,2,21,,,2,,,138,,3,,2],[5,1],[15,4],[3,4,8,4,20,4\
,8,4],[21,,3,,,,,1],[40,6,4,2,2,2,2,2,21,,9,,,,,,15,,5,,3,,,,,,,,,,,,26,2,2,2\
,2,2,16,6,4,2,2,2,2,2,16,10,2,2,,2,2,16,,5,,3,,,,,,,,,,,,31,,,,,,15,,6,3,,,,,\
,,,,,,,31,,,,,,15,,5,,409,,,,,,,,,,,,25,,,,,,,,,,,,25,,,,,,,,,,,,25,,,,,,,,,,\
,,15,,6,3,,,,,,,,,,,,62,2,2,2,2,2,2,2,2,2,2,2,19,,,,,,7,,,,,,13,,,,,,,,,,,,,7\
10,,,,,,,,,,,50,2,2,2,2,2,2,2,2,2,2,2,14,2,2,8,2,2,19,,,,,,,,,,,,,,,,,,,,,,,,\
49,,,,,,2,2,2,,,,,2,2,2,51,,,,,,,,,,,,,,,,,,,,,,,,121,,,,,,2,1138,2,,,,,2,2,2\
,587,,9,,,,,,15,,5,,4,,,,,,,,,,,21,,9,,,,,,15,,5,,4,,,,,,,,,,,15,,5,,4,,,,,,,\
,,,,15,,5,,4,,,,,,,,,,,15,,5,,4,,,,,,,,,,,1983,,5,,4,,,,,,,,,,,21,,9,,,,,,15,\
,5,,4,,,,,,,,,,,21,,9,,,,,,15,,5,,4,,,,,,,,,,,15,,5,,4,,,,,,,,,,,15,,5,,4,,,,\
,,,,,,,15,,5,,4,,,,,2251,,,,,,15,,5,,4,,,,,,,,,,,20,,,,,7,,,,,,7,,,,,,2,,,,,2\
,,,,,2,,,,,,,,,,,2,,,,,,,,,,,8,,,,,7,,,,,,7,,,,,,2,,,,,2,,,,,2,,,2429,,,,,,,,\
2,,,,,,,,,,,2,,,,,2,,,,,2,,,,,2,,,,,2,,,,,2,,,,,2,,,,,2,,,,,2,,,,,,,,,,,2,,,,\
,,,,,,,2,,,,,2,,,,,2,,,,,,,,,2543,,2,,,,,,,,,,,2,,,,,2,,,,,2,,,,,,,,,,,2,,,,,\
,,,,,,8,,,,,8,,,,,8,,,,,2,,,,,2,,,,,2,,,,,,,,,,,2,,,,,,,,,,,8,,,,,8,,,2687,,8\
,,,,,2,,,,,2,,,,,2,,,,,,,,,,,2,,,,,,,,,,,2,,,,,2,,,,,2,,,,,2,,,,,2,,,,,2,,,,,\
2,,,,,2,,,,,2,,,,,2,,,,,2,,,,,2,,,,,2,2811,,,,2,,,,,2,,,,,2,,,,,2,,,,,2,,,,,2\
,,,,,2,,,,,2,,,,,,,,,,,2,,,,,,,,,,,616,2,2,2,2,4,2,2,2,2,4,2,2,2,2,8,,,,,8,,,\
,,8,,,,,3,,,,2,,,,,3579,,,,2,,,,,3,,2,2,,,,,16,2,2,2,2,4,2,2,2,2,4,2,2,2,2,4,\
2,2,2,2,4,2,2,2,2,4,2,10,2,3,2,5,2,3,2,4,,,,2,,,,,3,,,,2,,,,,3,,2,2,,,,,20,,,\
,,8,,,,,3,,,,2,2,2,3,,,,2,3801,,,,3,,2,2,,,,,20,,,,,8,,,,,3,,,,2,,,,,3,,,,2,,\
,,,3,,2,2,,,,,15,,,,2,,,,,3,,2,2,,,,,15,,,,2,,,,,3,,2,2,,,,,15,,,,2,,,,,3,,2,\
2,,,,,3,4000,,,2,2,2,3,,,,2,,,,,3,,2,2,,,,,52,2,2,2,2,4,2,2,2,2,20,,,,,8,,,,,\
15,,,,2,,,,,3,,,,2,,,,,28,2,2,2,2,16,2,2,2,2,4,2,2,2,2,16,2,10,2,3,2,16,,,,2,\
,,,,3,,,,2,,,,,4352,,,,,15,,,,2,2,2,3,,,,2,,,,,32,,,,,15,,,,2,,,,,3,,,,2,,,,,\
27,,2,2,,,,,27,,2,2,,,,,27,,2,2,,,,,15,,,,2,2,2,3,,,,2,,,,,64,2,2,2,2,32,,,,,\
27,,2,2,,,4751,,64,2,2,2,2,28,2,33,,2,2,,,,,63,,2,2,2,2,63,,2,2,,,,,135,,2,2,\
2,2,8,,,,,8,,,,,8,,,,,4,2,2,,,,,4,2,2,,,,,4,4,,,,,8,,,,,8,,,,,8,,,,,4,2,2,,,,\
,4,2,2,,,,5316,4,4,,,,,4,2,2,2,2,4,2,2,,,,,4,4,,,,,4,2,2,,,,,4,2,2,,,,,4,4,,,\
,,4,2,2,,,,,4,2,2,,,,,4,4,,,,,4,2,2,,,,,4,2,2,,,,,4,4,,,,,8,2,2,8,,,,,8,,,,,4\
,2,5516,,,,,4,2,2,,,,,4,4,,,,,8,2,2,8,,,,,8,,,,,4,2,2,,,,,4,2,2,,,,,4,4,,,,,4\
,2,2,2,2,4,2,2,,,,,4,4,,,,,4,2,2,2,2,4,2,2,,,,,4,4,,,,,4,2,2,2,2,4,2,2,,,,,4,\
5720,,,,,4,2,2,,,,,4,2,2,,,,,4,4,,,,,8,2,2,8,,,,,8,,,,,4,2,2,2,2,4,2,2,,,,,4,\
2,2,,,,,8,2,2,8,,,,,8,,,,,4,2,2,2,2,4,2,2,,,,,4,2,2,,,,,4,2,2,2,2,4,2,2,2,,,5\
932,2,2,,,2,4,2,2,2,2,4,2,2,,,,,4,2,2,,,,,4,2,2,2,2,4,2,2,,,,,4,2,2,,,,,4,2,2\
,2,2,4,2,2,,,,,4,2,2,,,,,8,2,2,8,2,,,8,,,2,4,2,2,2,2,4,2,2,,,,,4,2,2,,,,,8,2,\
2,8,2,,,6152,,,2,4,2,2,2,2,4,2,2,,,,,4,2,2,,,,,4,2,2,2,2,4,2,2,2,,,4,2,2,,,2,\
4,2,2,2,2,4,2,2,2,,,4,2,2,,,2,4,2,2,2,2,4,2,2,2,,,4,2,2,,,2,4,2,2,2,2,4,2,2,,\
,,,4,2,2,,,,,8,2,2,8,2,,,6368,,,2,4,4,2,2,4,4,2,,,4,4,,,2,8,2,2,8,2,,,8,,,2,4\
,4,2,2,4,4,2,,,4,4,,,2,4,4,2,2,4,4,2,2,4,4,2,2,4,4,2,2,4,4,2,,,4,4,,,2,4,4,2,\
2,4,4,2,,,4,4,,,2,4,4,2,2,4,4,2,,,4,4,,,2,8,2,2,6644,2,2,8,2,2,4,4,2,2,4,4,2,\
,,4,4,,,2,8,2,2,8,2,2,8,2,2,4,4,2,2,4,4,2,,,4,4,,,2,4,4,2,2,4,4,2,2,4,4,2,2,4\
,4,2,2,4,4,2,2,4,4,2,2,4,4,2,2,4,4,2,2,4,4,2,2,4,4,2,2,4,4,2,,,4,4,,,2,5230,1\
0,2,2,22,10,2,12192,22,10,2,2,32,2,2,22,10,2,2,58,10,2,2,32,2,2,22,10,2,2,32,\
2,2,22,10,2,2,32,2,2,32,2,2,32,2,2,22,10,2,2,68,2,2,8,2,2,20,2,2,8,2,2,20,2,2\
,8,2,2,56,2,2,8,2,2,56,2,2,8,2,2,56,2,2,8,2,58,2,2,8,2,2,128,2,2,8,2,2352,2,1\
0,2,10,12,2,10,2,10,12,15672,10,2,10,24,2,10,12,2,10,2,10,48,2,10,2,10,24,2,1\
0,12,2,10,2,10,24,2,10,12,2,10,2,10,24,2,10,24,2,10,24,2,10,12,2,10,2,10,60,2\
,10,2,22,2,10,2,22,2,10,2,34,24,2,10,2,58,2,10,2,34,24,2,10,2,34,24,2,10,2,34\
,36,36,24,2,10,2,70,36,36,72,72,72,72,144],[15,,3,1],[43,8,4,4],[74,2,4,,,6,6\
,16,2,4,,,6,6],[4,8,16,8],[11,12,11,,,10,,,35,12,12,,11,,34,,,10,,,10,,,10,,,\
10,,,10,,,10,,,10,,,11,,11,,12,12,149,6,3,3,3,3,5,,,4,,,2,,,,,2,,,,,29,6,6,6,\
6,,5,,5,,5,,28,,,4,,,,,,,,,,,,,,,4,,,4,611,,2,,,,,2,,,,,4,,,4,,,3,,,,3,,,,4,,\
,4,,,4,,,4,,,5,,5,,5,,5,,6,6,6,6],[6,2],[5,9,3,3,3,6,23,,,7,,,,,,,,,,,,4,,,70\
,,,8,,,,,,,,,,,4,,,22,,,8,,,,,,,,,,,4,,,22,,,8,2,,,,,,,,,4,,,167,3,3,6,3,3,6,\
3,3,6,3,3,5,,,,,,,,,4,,,,,501,,,,4,,,,,,,,,4,,,,,,2,,53,,,,,2,,5,,,,,2,,5,,,,\
,2,,5,,,,,8,,,,,2,,5,,,,,2,,5,,,,,2,,5,,,,,3,5,2,,,2,6,2,,,2,6,2,,,2,6,2,,,16\
7,47,,,95,,47,1077,47],[4,4,4,4],[38,2,4,2],[13,,2,,,2],[6,2,8],[2,3,1],[50,2\
,3,,,,9,,,,4,2,3,,,,9,,,1],[15,,3,,,1],[4,10,2,2,2,2,2,4,4,4,4,2,33,,10,,,2,,\
,2,,,3,,3,,3,,3,,2],[7,,4,7,,3,,3,,4],[4],[4],[6,2],[4],[2],[8,1],[5,14,,,26,\
3,3,3,3,2,,,,,,,,,,,,,,1],[1305,,2,4,25,,,,,,,,3,,3,,3,,3,,3,,3,,,,3,,5,,3,,3\
,,3,,3,,3,,,,3,,59,,,,,,,,3,,3,,3,,3,,3,,3,,,,3,,5,,3,,3,,3,,3,,3,,,,3,,37,,4\
,3,,4,3,,,,5,,,,23,,1623,,5,,,,3,,3,,3,,3,,3,,,,5,,,,37,,3,,3,,3,,3,,,,5,,,,2\
3,,,,5,,,,3,,3,,3,,3,,3,,,,5,,,,53,,,,3,,5,,3,,3,,3,,3,,3,,,,3,,5,,21,,,,,,,,\
39,,4,3,,4,1971,,,,3,,5,,3,,3,,3,,3,,3,,,,3,,5,,21,,,,,,,,1478,,5,2,,5,2,,2,3\
,,3,2,,19,,5,2,,5,85,,,,5,,,,2,,3,,3,,3,,3,,2,3,2,,2,3,98,,2,3,,3,2,,3,,3,,2,\
3,,3,117,,,,,,,,4821,,2,5,,2,3,,3,,3,,3,,3,,,,5,,,,116,2,2,2,2,2,2,2,114,3,3,\
2,3,3,850,6,,3,22,2,,2,2,2,3,2,99,,4,3,,4,2,,3,,2,3,,3,2034,6,2,6,1305,,,,,,,\
,25,,,,,,,,3,,3,,3,,3,,3,,3,,,,3,,5,,9575,,3,,3,,3,,3,,,,3,,27,,,,,,,,25,,,,,\
,,,3,,3,,3,,3,,3,,3,,,,3,,5,,3,,3,,3,,3,,3,,,,3,,279,,,,11,,3,,3,,3,,3,,,,3,,\
5,,53,,,,29,,,,11,,3,,3,,3,,3,,10165,,3,,5,,53,,,,321,,,,3,,,,2,3,,8,,,,,,,,,\
,,,,,,,,17,,,,3,,,,,,3,,41,,,,,,,,9,,,,,,,,17,,2,,,,,5,,2,,,,,,,,,,,,,,,,,,,,\
,,,,,10745,,,,,,,,33,,2,2,2,8,,,,,,,,,,,,,,,,,33,,,,,,,,,,,,,,,,,,,,,,,,,,,,,\
,,,49,,2,,,,,5,,2,33,,,,,,,,,,,,,,,,,,,,,,,,,,,,11005,,,,101,,,,13,,,,,,,,121\
,,,,417,,,,,,,,25,,,,3,,,,,,3,,,,,,3,,,,,,,,,,,,,,,,,,17,,,,3,,,,,,3,,21,,,,5\
,,,,17,,,,,,,,,,,,,,,,21,,11863,,5,,,,,,,,,,,,,,,,,,,,,,,,,,,,,,,,,,,,21,,,,5\
,,,,,,,,,,,,,,,,,,,,,,,,,,,,,,,,,,,,5,,,,5,,,,5,,,,5,,,,,,,,,,12007,,,,,,,,,,\
,,,,,,,,,,,,,,,,21,,,,,,,,21,,,,,,,,,,,,,,,,,,,,2,,,2,2,4,,,,,,,,,,,,,,,,,5,,\
,,,,,,9,,,,,,,,25,,,,,,,,12193,,,,,,,,,,,,,,,,,,,,,,,,,,,,,,,,,,,,,,,,,,,,,,,\
,,,,,,,,,,,,,,,,,5,,,,,,,,9,,,,,,,,821,,,,,,,,,,,,,,,,35,,3,,13163,,3,,,,,,,,\
,,,,,,,,,,35,,4,8,,,,,,,,,,,,,,,,,35,,3,,3,,3,,,,,,,,,,,,,,,,,,691,,7,,25,,,,\
5,,,,19,,7,,53,,,,,,,,,,,,,,,,17,,,,14165,,,,,,,,,,,,3,,3,,3,,3,,,,,,,,,,,,,,\
,,,,49,,,,,,,,,,,,,,,,3,,3,,4,4,,,,,,,,,,,,,,,,,3,,3,,3,,3,,,,,,,,,,,,,,,,,,8\
19,,15161,,5,,19,,,,3,,5,,17,,,,3,,,,,,3,,51,,,,3,,5,,19,,,,3,,5,,3,,,,3,,5,,\
,,,,,,,,,,,,,,,,947,,5,,5,,,,,,3,,2,2,4,3,,,,3,,5,,17,,,,3,,,,,,3,,11730,2811\
7,3,6,4,,2,3,,3,2,,3,,2,3,2,,2,3,373,,,,1594,,2,3,,3,2,,50,,,,3,,7,,306,6,57,\
,,,,,,,,,,,,,,,82,,3,,5,4,,,,,,,,,,,,,,,,,2,,3,,2,3,,3,1749,,2,8,17,,,,,,,,3,\
32508,3,,113,,,,2,,,3,,4,114,3,3,2,3,3,32753,,2,4,8],[89,,,1],[1305,,,,29,,,,\
7,,3,,3,,3,,3,,3,,,,3,,59,,,,29,,,,7,,3,,3,,3,,3,,3,,,,3,,1739,,,,13,,,,125,,\
,,6,4,,7,4,,3,,2,3,,3,114,3,3,6],[11,16,16,,31,16,16,,23,4,4,4,8,4,4,12,,4],[\
37,,2],[39],[26,2],[41,,,1],[26,2],[169,,,,,,,,21,,7,,7,,7,,7,,,,,,,,54,2,2,2\
,2,2,2,2,50,2,2,2,2,2,2,2,50,2,2,2,,2,2,2,22,,7,,7,,7,,4,2,,2,2,2,3,2,57,,,,,\
,,,21,,8,7,,7,,7,,,,,,,,61,,,,,,,,21,,7,,7,726,7,,7,,,,,,,,41,,7,,3,,,,,,,,,,\
,,,,,,37,,7,,3,,,,,,,,,,,,,,,,37,,7,,3,,,,,,,,,,,,,,,,21,,8,7,,7,,3,,,,,,,,,,\
,,,,,,185,,,,,,1199,,37,,7,,7,,,,,,,,54,2,2,2,2,2,2,2,50,2,2,2,2,2,2,2,50,2,2\
,2,,2,2,2,38,,7,,4,2,,2,2,2,3,2,57,,,,,,,,37,,8,7,,,,,,,,61,,,,,,,,37,,7,,7,,\
,,,,,,53,,,,,,,,,,,1836,,,,,49,,,,,,,,,,,,,,,,49,,,,,,,,,,,,,,,,37,,8,3,,,,,,\
,,,,,,,,,,114,2,2,2,2,2,2,2,2,2,2,2,2,2,2,2,41,,,,,,,,9,,,,,,,,33,,,,,,,,,,,,\
2285,,,,,,,,,,,,,,,,,,,,98,2,2,2,2,2,2,2,2,2,2,2,2,2,2,2,34,2,2,2,10,2,2,2,41\
,,,,,,,,,,,,,,,,,,,,,,,,,,,,,,,,98,2,,2,7,2,2,2,,9,99,,,,,,,,,,,,,,2799,,,,,,\
,,,,,,,,,,,,226,2,,2,7,2,2,2,,9],[34,4,4,4],[41,,,1],[147,,3,,3,,3,,19,,3,,3,\
,3,1],[149,,7,,23,,7,,23,,7,,23,,7,1],[2],[4],[11,3,,13,,,2,,3,32,,17,,3,14],\
[29,3,3,39,3,3,3,3,3,47,,,,,,,,,46,,,2,,3,146,3,3,3,3,3,39,3,3,3,3,3,38,,,2,,\
3,,,,,,,,,,46,,,2,,3,139,,,13,,,,,,,,,22,,,7,,,4,,,,,,,,,,,,,,,,,,31,,,13,,,,\
788,,,,,22,,,7,,,4,,,,,,,,,,,,,,,,,,31,,,13,,,,,,,,,22,,,7,,,4,,,,,,,,,,,,,,,\
,,,22,,,7,,,4,,,,,,,,,,,,,,,,,,22,,,7,,,4,,,,,1050,,,,,,,,,,,,,22,,,7,,,4,,,,\
,,,,,,,,,,,,,,22,,,7,,,4,,,,,,,,,,,,,,,,,,22,,,7,,,4,,,,,,,,,,,,,,,,,,22,,,7,\
,,4,,,,,,,,,1270,,,,,,,,,1325,,,2,,,11,,,,,,,,,10,,,,,,,,,11,,3,4,,,,,,,,,,,,\
,,,,,,,,,,,,,,,,,,,,,,,,28,,,,,,,,,10,,,,,,,,,28,,,2,,3,,,,,2795,,,,,,,,,,,,,\
,46,,,,,,,,,46,,,2,,3,2,,3,5,,,2,,,2,,,,,,,,,,,,,,,,,,,,,,,,,,,,,,,,,,,,11,,3\
,4,,,,,,,,,,,,,,,,,,,,,,,3012,,,,,,,,,,,,,19,,,2,,3,,,,,,,,,,,,,,,,,,,,,,,,,,\
,,28,,,2,,3,,,,,,,,,,,,,,,,,,,37,,,2,,3,,,,,,,,,,46,,,2,,3],[8],[4,5,,6,2,4,2\
],[83,3,5,,,,,,13,,,,,,4,,,,,,4,,,,,1],[2,6],[2],[10,,,2],[3,1],[2,4],[17,20,\
10,10,5,5,5,5,20,,,,17,,,,7,,2,7,,,,17,,2],[3,1],[6],[6,,9,1],[22,2,8,2],[10,\
2,2,2],[3,1],[2,1],[10,2,,,2,20,4],[163,20,4,4,44,20,4,4],[26,3,3,26,6],[3],[\
26,2,2,28,2],[325,,,,19,,3,,19,,,,47,,2,5,,2,3,,3,,3,,3,,3,,3,,3,,,,5,,,,5,,,\
,180,2,2,2,82,2,2,2,2,2,2,2,2,2,2,2,178,,2,3,90,3,3,2,3,3,413,,2,5,,,,5,,,,3,\
,3,,3,,3,,3,,3,,3,,,,5,,,,5,1532,,,39,,2,5,,,,3,,3,,3,,3,,3,,3,,3,,,,5,,,,5,,\
,,47,,2,3,,3,,3,,3,,3,,3,,3,,,,5,,,,5,,,,76,2,2,2,2,2,2,2,2,2,2,2,74,2,2,2,2,\
2,2,2,2,2,2,2,74,2,2,2,2,2,2,2,2,2,2,2,74,3,3,2098,,2,3,2,,2,3,82,3,3,2,,2,3,\
90,3,3,1477,,,,43,,41,,,,5,,,,5,,,,3,,3,,3,,3,,3,,3,,3,,,,5,,,,5,,,,131,,,,,,\
,,41,,,,,,,,41,,,,,,,,,,,,,,,,11,,3,,3,,3,,4201,,,,,,,,,,,,,,,,,,,,,,,,129,,,\
,,,,,19,,3,,17,,,,,,,,41,,,,,,,,,,,,,,,,3,,4,3,,3,,3,,3,,,,,,,,,,,,,,,,,,,,,,\
,,,,517,,,,5,5038,,,27,,7,,7,,41,,,,5,,,,27,,7,,,,139,,2,4,,,,,,,,,25,,,,,,,,\
,,,,,,,,,,,,,,,,73,,,,,,,,,,,,,,,,,,,,,,,,59,,4,3,,4,,,,,,,,,,,,5556,,,,,,,,,\
,,,,59,,4,3,,3,,,,,,,,,,,,,,,,,,,,,,,,,,59,,4,9,,,,,,,,,,,,,,,,,,,,,,,,5554,,\
5,90,3,3,2,3,3,1138,6,2,,5],[3],[23,32,5],[5,3,3],[18,2,5,,,1],[27,,3,,7,,3,1\
],[36,4,4,4,4,4,4,4],[18,20,4,4,32,12,8,4,4,4,4,4,43,,,,17,,,,,,,,,,,,30,,10,\
,,,6,,3,,3,,2,,,,,,,,,,,,186,20,4,4,32,12,8,4,4,4,4,4],[26,2,4,10,2,2,2,10,2,\
2,2,26,2,4,10,2,2,2,10,2,2,2,106,2,2,2,10,2,4,42,2,2,2,10,2,4],[52,4,8,4],[18\
,4,,,26,,3,,,3,,54,4,,1],[29,,,,5,,,1],[87,,21,,,,,1],[132,4,4,,,,,8,8,2,2,4,\
4,2,2,16,4,4,4,,,,,7,,8,2,2,,,,,4,,,,,5,,,,7,,196,4,4,,,,,8,8,2,2,4,4,2,2,16]\
,[20,3,,4,3,1],[45,,9,,,,,1],[3],[3],[2,3],[3,4],[3,4],[5],[14,2,14,2],[110,3\
,3,6,3,6,3,231,4],[11,2,,1],[7,9,,,,1],[4],[29,3,,5,,2,,3],[3],[4],[4,4],[8],\
[8,2],[40,4,2,2,9,,3,,,,,,44,2,2,2,2,2,2,2,2,,,,,,,,,,,,,,,,,,,112,4,2,2,9,,3\
,,,,,,44,2,2,2,2,2,2,2,2,,,,,,,,,,,,,,,,,,1],[4,4],[20,4,8],[10,2,2,2],[6,2,6\
,2,6,2,6,2],[4,2],[5,1],[5,1],[19],[402,2,4,8,18,2,2,2,2,2,2,2,50,2,2,2,2,2,2\
,2],[10,12,6,6,12,6,6,5,,5,,6,6,5,,5,,54,5,,6,6,6,6,12],[5,9,3,3,3,6],[13,1],\
[10,2],[14,2],[12,4],[36,4,4,4,4,4,4,4],[14,15,3,3,48,,2,,3],[4],[4,2],[2,1],\
[5],[4],[11,2,,,14,2,,1],[41,3,3,6,,2,,2,1],[4],[7],[10,1],[6],[3,2],[27,,4],\
[36,2,6,2,14,2],[10,12,2],[5],[4,2],[5],[4],[6],[19,1],[8],[8,3]];

# number of quandles in this file = 11079

