# racks_of_order_6.txt

# groups

RQ_rack_groups[6] := [ [ () ], [ (3,5) ], [ (1,2)(3,5)(4,6) ], 
  [ (3,4)(5,6) ], [ (4,5,6) ], [ (1,2,3)(4,5,6) ], [ (3,4)(5,6), (1,2)(3,4) ],
  [ (3,6)(4,5), (3,4)(5,6) ], [ (3,4)(5,6), (1,2) ], 
  [ (3,4)(5,6), (1,2)(3,5)(4,6) ], [ (5,6), (3,4)(5,6) ], [ (3,6,4,5) ], 
  [ (1,2)(3,4,5,6) ], [ (2,4,6,3,5) ], [ (1,2,3)(4,5,6), (1,6)(2,5)(3,4) ], 
  [ (4,5,6), (5,6) ], [ (1,4,3,6,2,5) ], [ (4,5,6), (2,3)(4,5) ], 
  [ (4,5,6), (2,3) ], [ (1,3)(4,6), (1,2,3)(4,5,6) ], 
  [ (5,6), (3,4)(5,6), (1,2)(3,4) ], [ (3,6,4,5), (1,2)(3,4) ], 
  [ (1,2)(3,4,5,6), (1,2) ], [ (3,6)(4,5), (1,2)(3,4) ], 
  [ (1,3,2)(4,5,6), (1,2,3)(4,5,6) ], [ (2,6)(3,5), (2,4)(5,6) ], 
  [ (3,6,4), (3,4)(5,6) ], [ (4,5,6), (5,6), (2,3)(4,5) ], 
  [ (1,2,3)(4,5), (1,3,2)(4,5,6) ], [ (3,4,6,5), (2,6)(3,5) ], 
  [ (4,6,5), (1,2)(3,4)(5,6) ], [ (1,3)(2,4)(5,6), (1,6,3)(2,5,4) ], 
  [ (1,3,6)(2,5,4), (1,2)(3,4,5,6) ], [ (2,3)(5,6), (1,3,2)(4,6) ] ];

# racks

RQ_rack_ids[6] := [[1],[2,2,,,2,4,4,12,4],[2,2,4],[2,2,,,2,5,,2],[2,2,,,7,,,,\
,23,,,,,1],[2,3,1],[7,,4,3,8,,4,3,7,8],[7,16,2,,2],[7,,4,7,,3,,3,,4,2,2,2,,,4,\
4,2,,3,,,3,1],[7,3,2],[7,,2,2,7,,3,,,,,,,,,,18,,3,,,2,2,23,,3,,,,,,,,,,,,,,2,,\
,2,2,4,,,,,,,,,,,,,,,,,114,,3,,,2,2],[3,4,2,,,,11,2,,,,13,,,,,,1],[3,4,2,,,1],\
[2,4,,,,1],[4],[2],[4],[2,2],[5,5,,,8,3,2,,,,,,10,,,4,,,4,,,,,,,,,,,,,,,,,,,,,\
38,3,2,,,,,,8,3,2,,,,,,7,,,,,,,,,,,,,,,,,,,,,,,,,,,,,,,,,,,1],[2,2],[85,,,,5,,\
,,3,,3,,4,3,,4,2,6,,,88,,,24,8,26,2,4,6,24,2,40,24],[11,1],[13,,,,18,4,4,2,,2,\
3,4],[11,1],[13,,,14,3,3,7],[2],[2],[6,2,2,2,2,2],[4,4,2,2],[2,1],[5,3,3],[3],\
[2],[4]];

# number of racks in this file = 353

