# racks_of_order_7.txt

# groups

RQ_rack_groups[7] := [ [ () ], [ (3,6) ], [ (2,5)(3,6)(4,7) ], 
  [ (1,7)(2,3) ], [ (1,2,3) ], [ (1,5,7)(3,4,6) ], [ (2,5)(3,4), (2,4)(3,5) ],
  [ (2,3), (1,7)(2,3) ], [ (1,3)(4,5), (1,3)(6,7) ], [ (1,2,7,3) ], 
  [ (2,6,5,4)(3,7) ], [ (5,6), (1,7)(2,3) ], [ (1,2)(3,7)(5,6), (1,7)(2,3) ], 
  [ (3,4,5,6,7) ], [ (1,2,3), (2,3) ], [ (1,2,3), (2,3)(4,7)(5,6) ], 
  [ (1,6)(2,4,7)(3,5) ], [ (1,5,7)(3,4,6), (1,6)(3,7)(4,5) ], 
  [ (1,2,3), (6,7) ], [ (1,2)(6,7), (1,2,4) ], [ (1,3,7,6,5,4) ], 
  [ (2,7)(3,6), (2,4)(3,5) ], [ (1,3,4,5,6,7,2) ], 
  [ (6,7), (2,4)(3,5), (2,5)(3,4) ], [ (6,7), (1,3)(6,7), (1,3)(4,5) ], 
  [ (2,6)(3,7), (2,6)(3,4,7,5) ], [ (4,7,5,6), (1,3)(6,7) ], 
  [ (2,6,5,4)(3,7), (3,7) ], [ (2,3,5)(4,6,7), (2,3,5) ], 
  [ (3,4,5,6,7), (1,2) ], [ (2,5)(3,4), (2,3,4,5,6) ], 
  [ (3,4,5,6,7), (1,2)(4,7)(5,6) ], [ (1,2)(3,5)(4,6,7), (1,3)(2,5) ], 
  [ (2,3,5), (2,3,4) ], [ (1,5,3)(2,4,6), (1,3,5)(4,6,7) ], 
  [ (1,6)(2,4,7)(3,5), (4,7) ], [ (1,6)(2,4,7)(3,5), (3,5) ], 
  [ (1,6)(2,4,7)(3,5), (1,3,6,5) ], [ (1,6)(2,4,7)(3,5), (1,5)(3,6)(4,7) ], 
  [ (2,3,6), (1,4,7,5)(3,6) ], [ (1,2)(3,5)(4,6,7), (1,2)(6,7) ], 
  [ (1,2)(3,5)(6,7), (1,2,4)(3,5) ], [ (1,2,4)(6,7), (1,4) ], 
  [ (2,4)(3,5), (2,5,7,3,4,6) ], [ (1,3,4,5,6,7,2), (2,3)(4,7)(5,6) ], 
  [ (4,6,7), (2,3,5)(4,7) ], [ (3,6)(4,5), (1,7)(2,3,4,5,6) ], 
  [ (1,2)(3,5,6,7), (1,2)(3,4,5,6) ], [ (2,3,4,5,6), (2,4,3,6) ], 
  [ (1,7,4,2,6,5,3), (2,3,5)(4,6,7) ], [ (2,3,4)(6,7), (2,5)(3,4)(6,7) ], 
  [ (1,2)(3,5)(4,6,7), (6,7), (1,2)(6,7) ], 
  [ (2,6,4)(3,7,5), (2,6)(3,7)(4,5) ], [ (1,4,7,5)(3,6), (2,3,6), (3,6) ], 
  [ (2,4)(3,5), (2,5,7)(3,4,6), (2,4,6)(3,5,7) ], [ (1,3,5)(4,6,7), (1,2,3) ],
  [ (2,5)(6,7), (1,2,5)(4,7) ], [ (1,2)(3,4,5,6), (1,2)(3,5,6,7), (1,2) ], 
  [ (1,7,4,2,6,5,3), (2,7,5,6,3,4) ], [ (1,2,3), (1,3,5)(4,6,7), (6,7) ] ];

# racks

RQ_rack_ids[7] := [[1],[2,2,4,,,2,4,8,8,24,8],[2,2,4,,,2,4],[2,2,4,,,2,4,9,,2\
,4],[2,3,,8,,26,,3,37,,,2,,3,5,,3,9,14,,3,9,27],[2,2,,,5,,2,,2],[7,12,4,4,,43,\
5,11,4,,10,2],[7,,15,,4,4,35,,3,,3,,4,7,,3,,4,11,,4,16,2,2,2,,,4,4,6,,,3,,4,12\
,4,16,2,,3,,,3,,10,,,3,,4,11,,4,83,,3,,3,,4,7,,3,,4,11,,4,16,,,2,2,,,8,6,,,4,4\
,32,,,,,2,,,3,,4,6,,,3,,4,11,492,4,16,65,,2,2,,,8,6,,,4,4,32,65,,,,2,,,3,,4,6,\
,,3,,4,11,,4,16,194,4,,,14,,,4,4],[7,,4,3,4,,3,,3,,3,6,,,,2,2,2,,,23,,4,3,8,,3\
,,3,7,,,6,,23,8,8,,7,1],[2,4,,,14,,,4,4,33,,,,2,,,3,,4,6,,,3,,4,11,,4,16,66,4,\
,,14,,,4,4],[2,3,,,,2,7,,,,,,,,,,,,,,,,2,3,,,,2],[7,,2,2,2,,4,,3,,,,,,,,,,2,2,\
,,,,2,2,,,,,2,,2,,,,,,,,2,,20,,3,,,,,,,,,,,,,,,,,,,,,,,,,,,,,,,,,,,,,,,,,,34,2\
,,,,,2,2,,,,,,,179,,,,,,,,,,,,,,50,,2,,,,,,,,2,1],[7,,6,5,,3,,,,,,,,,,18,3,,,,\
6],[2,4,,,,,21,,,,,,,,,,6,,1],[2],[10,,3],[5,5,,,8,3,2,,,,,,10,,,4,,,4,,,2,,,,\
,2,,,,,2,2,,,41,5,,,11,5,,,11,,5,,5,6,,5,,5],[2],[4,5,,4,2,2,,,,,,,21,,3,,,,,,\
,,,,,,26,2,2,,,,,,,2,2,3,,,,,,19,,,,,,7,,,,77,,5,,3,,,,,,,,,,,,21,,3,,,,,,,,,,\
,,25,,,,,,,,,,,,,,,,3,320,,,,,19,,,,,,7,,,,76,2,2,,,,,,,2,2,2,,,,,,,2,2,2,,,,,\
,,7,,,,,,,,,,,,,,,,,,,,,,,,,,,,,,14,2,2,,,,,,,2,2,2,,,,,,,19,,,,,,,,,,569,,,,,\
,,,26,2,2,,,,,,,31,,,,,,,,,,,,,,,,,,,,,,,,,,,,,,,,,,,,,,,,,,7,,,,,,,,,,,,,,,,,\
,,,,,,,,,,,,,13,,,,,,,,,,,744,,,,,,,,,,,,,19,,,,,,,,,,,,,,,,,,25,,,,,,,,,,,,31\
,,,,,1],[4,1],[2,5,,,,,,8,,2,3,2],[2,2],[2],[85,,7,,47,,15,,4,2,2,2,2,2,,2,30,\
,7,,12,,3,,3,,2,3],[85,,,,5,,,,3,,3,,3,,3,,3,,,,5,,,,79,,,,5,,,,14,,9,8,19,,3,\
,2,2,2,2,6,,16,,6,2,19,,3,,2,2,,2,3,,2,3,3,,3,,10,,2,3,2,2,,2,76,,,,4,2,,2,7,,\
7,,8,7,31,,,,5,,,,3,,3,,556,3,,4,2,6,,,23,,,,5,,,,3,,3,,3,,3,,3,,,,5,,,,15,,,,\
5,,,,5,,,,2,2,2,,,2,2,,,,,2,2,2,,,2,2,,,,,13,,,,5,,,,5,,,,2,,,,,,,2,,,,,,,2,,,\
,,,,2,763,,,,,,18,2,2,,,2,2,2,,,12,3,,2,2,2,,,2,2,2,,,18,,,,,,,2,,,,,,,11,,3,,\
2,,,2,,,2,,,,,,,12,6,2,2,,,2,2,2,,,10,2,2,,,4,2,6,2,13,,6,,,,,,,2,,,,,,,3,,3,,\
1002,2,,,,,4,2,6,,,536,,,24,8,30,,,6,,,10,2,3,,2,2,2,,,2,2,2,,,86,,,24,8,26,2,\
2,2,6,24,2,26,2,2,,,2,6,18,6,2,2,2,,,82,2,2,,,6,,16,,6,2,26,2,4,6,24,2,26,2,4,\
2,2,2,2,18,2,2,2,2,2,2,2,82,2,2,2,6,24,2296,38,24,2,34,2,2,2,20,2,2,2,2,2,2,82\
,2,4,6,24,2,40,24,36,4,20,2,2,4,2,2,30,2,24,40,24,4,2,2,64,60,36,32,28,4,20,4]\
,[7,,15,1],[19,,3,1],[11,,6,2,2,2,2,,3,,12,,23,,7,,5,,,,,,,,,,,,,,,,3,,7,,22,2\
,2,2,,,,,,,,,2,2,2,2,,,,,,,,,2,2,2,2,,,,,,,,,2,2,2,2,,,,,,,,,2,,3,,2,,,,,,,,,,\
,,213,,,,2,,3,,3,,3,,2,,,,,,,,,,,,,,,,2,,3,,12,,6,2,2,2,2,,3,,12,,23,,7,,5,,,,\
,,,,,,,,,,,,3,,7,1],[13,,,14,3,3,7,43,,,7,,,7,,,4,,,,,,,,,,,,,,,,,,,,,,,,,,,19\
1,,,2,,,3,,,,,,,,2,,2,,,,,2,,2,,2,,3,3,2,4,3,2,,3,3,3,6,3],[7,9,,,,,32,5,4,,,,\
,,,,,1],[2],[2,2],[44,11,,1],[2],[2,3],[4,4,4,4],[21,,21,,,,,,28,6,6,5,5,2,2,2\
,2,2,2,2,2,,2,2,34,,11,,9,,,,,,7,,,,,,27,,5,,5,,5,,4,,,,,2,,,,,2,,,,,,,,,,,44,\
,,,,20,,,,,20,,,,,2,2,2,2,2,2,2,2,2,3,2,3,2,2,2,2,396,2,2,2,3,2,3,2,2,2,2,2,2,\
2,2,3,2,9,,,,,8,,,,,8,,,,,8,,,,,8,,,2,8,,,,,2,2,2,2,2,2,2,2,2,2,,,,,2,2,2,2,2,\
2,2,2,2,2,,,,,2,2,2,2,2,2,2,2,2,2,,,2,292,6,6,6,4,2,2,2,2,2,2,2,2,908,2,2,28,6\
,6,6,6,2,2,2,2,2,2,2,2,2,2,28,12,6,6,2,10,2,2,2,2,28,6,6,12,2,4,2,4,2,34,2,4,2\
,4,2,4,2,4,2,4,2,4,2,4,2,4,6,2,4,2,4,2,10,2,4,2,4,2,10,2,4,2,4,2,10,2,4,6,2,22\
,2,22,2,22,2],[5,11,,,20,3,3,3,2,,,,,,,,,,,,53,11,,1],[14,4],[2,4,8,4],[6,,7],\
[26,2,3,,,,4,2,3,,,1],[18,,,3,,2,,,3,1],[6,2],[2],[4,4,2,2,8,2,2,2,2,2,2,2,2],\
[6,2],[3,1],[2,1],[2,1],[6,,,9,,,1],[50,2,4,2,2,2,2,10,2,4,10,2,2,2],[3],[10,2\
,2,2],[3],[11,3,1],[4],[10,,3,1],[3,3],[4]];

# number of racks in this file = 2080

