# racks_of_order_5.txt

# groups

RQ_rack_groups[5] := [ [ () ], [ (1,2) ], [ (2,3)(4,5) ], [ (3,4,5) ], 
  [ (2,3)(4,5), (2,4)(3,5) ], [ (4,5), (2,3)(4,5) ], [ (2,5,3,4) ], 
  [ (1,2,3,4,5) ], [ (3,4,5), (4,5) ], [ (3,4,5), (1,2) ], 
  [ (1,2)(4,5), (3,4,5) ], [ (1,4)(2,3), (1,3)(4,5) ], 
  [ (3,4,5), (2,4)(3,5) ], [ (1,2)(4,5), (1,2)(3,5,4) ], 
  [ (2,3,5,4), (1,4)(2,3) ] ];

# racks

RQ_rack_ids[5] := [[1],[2,2,4,,,2,4],[2,2,,,2],[2,2,,,7,,,,1],[7],[7,,2,2,7,,\
3,,,,,,,,,,18,,3,,,2,2],[3,4,2,,,1],[2],[2],[5,5,,,8,3,2,,,,,1],[2,2],[2],[2],\
[6,2],[2,1]];

# number of racks in this file = 74

