# racks_of_order_8.txt

# groups

RQ_rack_groups[8] := [ [ () ], [ (1,7) ], [ (1,2)(3,6)(4,7)(5,8) ], 
  [ (1,3)(2,8) ], [ (2,4)(3,8)(5,6) ], [ (1,2,3) ], [ (3,7,5)(4,8,6) ], 
  [ (2,4)(3,5), (2,3)(4,5) ], [ (2,8), (1,3)(2,8) ], 
  [ (1,5)(2,6)(3,8)(4,7), (1,6)(2,5)(3,7)(4,8) ], [ (1,8,3,2) ], 
  [ (1,2)(3,6), (1,2)(3,6)(4,7)(5,8) ], [ (2,3)(4,5), (2,3)(7,8) ], 
  [ (5,8), (1,2)(3,6)(4,7)(5,8) ], [ (2,8)(4,6)(5,7), (1,3)(2,8) ], 
  [ (1,3,5,7)(2,4,6,8) ], [ (1,8,3,2)(4,6)(5,7) ], 
  [ (1,7)(2,6)(3,5)(4,8), (1,7)(2,5)(3,6)(4,8) ], 
  [ (1,3)(2,8), (1,8)(2,3)(6,7) ], [ (3,6)(4,5)(7,8), (1,2)(3,6)(4,7)(5,8) ], 
  [ (6,7), (1,3)(2,8) ], [ (1,7,6,5)(2,3) ], [ (3,4,5,6,7) ], 
  [ (1,2,3), (2,3) ], [ (1,2,3), (5,7) ], [ (3,7,5)(4,8,6), (1,2) ], 
  [ (1,6)(2,3)(4,7)(5,8), (1,6)(2,5)(3,7)(4,8) ], 
  [ (3,7,5)(4,8,6), (3,8)(4,7)(5,6) ], [ (2,3)(4,5), (2,3,7) ], 
  [ (1,2,3), (2,3)(4,6)(5,7) ], [ (2,3,6)(4,7)(5,8) ], 
  [ (3,7,5)(4,8,6), (3,8)(4,5)(6,7) ], [ (1,3)(2,4,5,6,7,8) ], 
  [ (2,4)(3,5), (2,4,6)(3,5,7) ], [ (3,7,5)(4,8,6), (1,2)(5,7)(6,8) ], 
  [ (2,3,4,5,6,7,8) ], [ (3,6)(7,8), (1,2)(7,8), (1,2)(4,5) ], 
  [ (1,6)(2,3)(4,7)(5,8), (1,2)(3,6)(4,7)(5,8), (1,3)(2,6)(4,7)(5,8) ], 
  [ (1,7,2,6)(3,4,8,5), (1,6,2,7)(3,4,8,5) ], 
  [ (7,8), (2,3)(4,5), (2,4)(3,5) ], [ (2,3)(7,8), (2,3)(4,5), (1,6) ], 
  [ (7,8), (2,3)(7,8), (2,3)(4,5) ], [ (1,2)(3,6), (1,3)(2,6)(4,8,7,5) ], 
  [ (4,5,7,8), (1,2)(3,6) ], 
  [ (4,7)(5,8), (3,6)(4,5)(7,8), (1,2)(3,6)(4,7)(5,8) ], 
  [ (2,6,3,5), (1,7)(2,3)(4,8) ], [ (5,8), (1,2)(3,6), (1,2)(3,6)(4,7)(5,8) ],
  [ (3,4)(5,6,7,8), (1,2)(3,4) ], [ (2,3)(4,5), (2,4)(3,5), (1,8)(4,5)(6,7) ],
  [ (4,8), (1,7)(2,5)(3,6)(4,8), (1,7)(2,6)(3,5)(4,8) ], 
  [ (1,7,6,5)(2,3), (2,3)(4,8)(5,7) ], 
  [ (1,6)(2,8)(3,7), (1,6)(2,8,3,7)(4,5) ], 
  [ (1,7)(2,5)(3,6)(4,8), (1,8)(4,7)(5,6) ], [ (2,4)(3,5), (2,3)(7,8) ], 
  [ (1,6,7,4,5,2,3,8) ], [ (2,4)(3,5), (1,7)(2,6)(3,5)(4,8) ], 
  [ (1,3,5,7)(2,4,6,8), (2,4)(3,7)(6,8) ], [ (1,7,6,5)(2,3), (4,8) ], 
  [ (2,8,3,7), (2,3)(4,5) ], [ (1,7,6,5)(2,3), (2,3) ], [ (3,4,5), (2,7,8) ], 
  [ (1,2,3,5,4), (1,2)(3,4) ], [ (3,4,5,6,7), (2,8)(4,7)(5,6) ], 
  [ (3,4,5,6,7), (2,8) ], [ (2,5,3), (2,3,7) ], 
  [ (3,4,5), (1,2)(7,8), (1,7)(2,8) ], [ (2,3), (2,7)(4,5) ], 
  [ (2,5,7)(3,4,6), (2,5,7)(3,6,8) ], 
  [ (2,4)(3,8)(5,7), (1,6)(2,3)(4,7)(5,8) ], 
  [ (2,3,6)(4,7)(5,8), (3,6)(4,8)(5,7) ], [ (2,3,6)(4,7)(5,8), (5,8) ], 
  [ (2,4)(3,5), (1,7)(2,8) ], [ (2,6,7,8)(4,5), (3,4,5) ], 
  [ (2,3,6)(4,7)(5,8), (4,5,7,8) ], [ (1,7)(2,5)(3,6)(4,8), (2,5,7)(4,6,8) ], 
  [ (2,3,6)(4,7)(5,8), (3,6) ], [ (1,3)(2,4,5,6,7,8), (1,3) ], 
  [ (2,3)(4,5), (2,7)(4,5)(6,8) ], [ (2,3)(4,7)(5,6), (2,6)(3,7) ], 
  [ (1,7)(2,5,3,4,8,6), (1,7)(2,5)(3,6)(4,8) ], 
  [ (2,5,8,3,7,4), (1,6)(2,5)(3,7)(4,8) ], 
  [ (1,3)(2,4,5,6,7,8), (1,3)(4,8)(5,7) ], [ (2,6)(3,7), (1,8)(2,4)(3,5) ], 
  [ (2,3,4,5,6,7,8), (3,8)(4,7)(5,6) ], [ (1,4,6,8,3)(2,5,7) ], 
  [ (7,8), (4,5)(7,8), (1,2)(7,8), (3,6)(7,8) ], 
  [ (3,6)(4,7,5,8), (1,3)(2,6)(4,7)(5,8) ], [ (3,4,8,5), (1,6,2,7)(3,4,8,5) ],
  [ (3,4)(5,6,7,8), (1,4,2,3) ], [ (1,6)(2,7)(3,5)(4,8), (1,4,8,6)(2,3,7,5) ],
  [ (3,4)(5,6,7,8), (3,4), (1,2)(3,4) ], 
  [ (3,4)(5,6,7,8), (1,3,2,4)(5,6)(7,8) ], [ (2,3)(7,8), (2,4)(3,5), (1,6) ], 
  [ (2,4)(3,5), (1,7), (1,7)(2,6)(3,5)(4,8) ], 
  [ (3,4,5), (1,6)(2,7,8)(3,4,5) ], [ (3,5,4)(7,8), (2,8)(3,5,4) ], 
  [ (1,2)(3,5), (3,5,7)(4,6,8) ], [ (1,3,5,2), (1,4,3,5) ], 
  [ (2,8)(3,5,6,7), (2,8)(3,4,5,6) ], [ (1,3,4,2,5)(7,8), (1,4)(2,5)(7,8) ], 
  [ (2,4,6)(3,5,8), (2,6,8,4,3,5,7) ], [ (2,5,3), (1,7)(2,5)(3,6)(4,8) ], 
  [ (4,5), (1,2)(7,8), (1,7)(2,8)(3,4,5) ], 
  [ (2,6,5)(3,7,4), (1,8)(2,7)(3,6) ], [ (2,5,3)(6,8), (2,7)(3,5)(6,8) ], 
  [ (2,4)(3,5), (2,4,6)(3,5,7), (2,3)(4,5) ], [ (4,6,5,7), (2,5,7)(3,4,6) ], 
  [ (1,6)(2,3)(4,7)(5,8), (1,6)(2,5)(3,7)(4,8), (1,6)(2,7)(3,5)(4,8) ], 
  [ (3,5), (2,8,7,6)(3,5,4) ], [ (1,7)(2,6)(3,5)(4,8), (1,3,6,2,4,7)(5,8) ], 
  [ (4,8), (2,4)(3,5), (1,7)(2,8) ], [ (1,5,2,6)(3,8,4,7), (3,5,7)(4,6,8) ], 
  [ (1,7)(2,5)(4,8,6), (1,2,3,5,7)(4,6,8) ], [ (1,4,6,8,3)(2,5,7), (5,7) ], 
  [ (2,7)(3,8), (1,6)(2,7,5)(4,8) ], [ (2,5,7)(4,6,8), (3,5,7)(4,6,8) ], 
  [ (2,7)(4,5), (1,2,7)(3,4) ], [ (3,7)(4,8,6), (1,2)(3,5)(4,8,6) ], 
  [ (3,5,7)(4,6,8), (6,8), (1,2)(3,5) ], [ (3,7,4,6), (2,8)(3,5,4,7,6) ], 
  [ (3,7,8,4,6,5), (2,4,6)(3,5,8) ], 
  [ (1,7)(2,6)(3,5)(4,8), (3,4,5), (1,6)(2,7)(3,5)(4,8) ], 
  [ (1,4,7,8)(3,5,6), (1,7)(2,5,3)(4,8) ], [ (2,5)(3,6)(4,8), (1,7)(3,5,6) ], 
  [ (4,6)(5,7), (1,8)(2,7,4)(3,6,5) ], 
  [ (1,6)(2,3)(4,7)(5,8), (1,6)(2,4,7)(3,8,5) ], 
  [ (1,5,7,2,3,4,6), (1,5)(2,6)(3,7)(4,8) ], 
  [ (2,7)(3,5)(4,6,8), (1,5,2,7,3)(4,6) ], [ (1,2,3,5,7)(4,8,6), (1,5,7,2) ], 
  [ (1,6)(2,7,5)(4,8), (5,7), (2,7)(3,8) ], 
  [ (2,5,3)(4,8,6), (2,7)(3,5)(4,8) ], 
  [ (1,3,6,2,5)(4,7,8), (1,5,3,6)(4,7), (7,8) ], 
  [ (1,7)(2,5)(3,6)(4,8), (1,2,7), (2,5,7)(4,6,8) ] ];

# racks

RQ_rack_ids[8] := [[1],[2,2,4,8,16,32,,,2,4,8,16,32],[2,2,4,8],[2,2,4,8,,,2,4\
,8,17,,2,4,8],[2,,,3,,7,,2,2,4,8],[2,3,,8,,26,,3,77,,3,118,,,2,,3,5,,3,9,14,,3\
,9,27,41,,3,9,27,81],[2,3,,4,,,2,,3,19,,,2,,3,,,3,1],[7,16,5,39,4,4,,11,4,,15,\
,171,4,,59,4,,15,,42,2,8],[7,,15,,4,4,55,,3,,4,16,16,131,,3,,3,,4,7,,3,,4,11,,\
4,16,23,,3,,4,11,,4,16,43,,4,16,64,2,2,2,,,4,4,6,,,3,,4,12,4,16,22,,,3,,4,11,,\
4,16,44,4,16,64,2,,3,,,3,,10,,,3,,4,11,,4,38,,,3,,4,11,,4,16,43,940,4,16,323,,\
3,,3,,4,7,,3,,4,11,,4,16,23,,3,,4,11,,4,16,43,,4,16,64,,,2,2,,,8,6,,,4,4,32,22\
,,,3,,4,16,16,128,,,,,2,,,3,,4,6,,,3,,4,11,,4,16,22,,,3,,4,11,,4,16,43,,4,16,6\
4,257,,2,2,,,8,6,,,2332,4,32,22,,,3,,4,16,16,128,257,,,,2,,,3,,4,6,,,3,,4,11,,\
4,16,22,,,3,,4,11,,4,16,43,,4,16,64,770,4,,,14,,,4,4,54,,,3,,4,16,16],[7],[2,4\
,,,14,,,3,,58,,,3,,4,11,,149,,,,2,,,3,,4,6,,,3,,4,11,,4,16,22,,,3,,4,11,,4,16,\
43,,4,16,64,2,4,,,14,,,3,,58,,,3,,4,11,1],[7,,4,7,,3,,3,,4,2,2,2,,,4,4,6,,,3,,\
27,,3,,4,6,,,4,4,6,2,4,4,38,2,8,8,8],[7,,6,5,,3,,2,,,3,,4,3,,4,3,4,4,4,24,,3,,\
2,,,3,,4,4,11,4,4,23,4,,7,20,4,81,,,,2,2,,,7,,2,,,3,,7,,3,,3,8,4,12,,6,,,7,,2,\
,,3,,7,,4,3,8,4,10,,,,6,,6,,,,,,2,2,,6,,,,6,431,6,,,,2],[7,,2,2,2,,8,,,,,,,,,,\
10,2,,,,,14,,24,,,,,,,,,,9,,,,,,,,13,,,,42,2,,,,,13,,,,62,1],[7,,11,,3,,3,,4,2\
,2,2,,,4,4,2,,3,,,3,,23,,3,,3,,4,,,2,2,,,8,,,,,2,,,3,,4,17,,2,2,,,8,17,,,,2,,,\
3,,4,50,4,,1],[2,4,,1],[2,4,,,9,,,,2,,,3,,4,2,4,,1],[7,3,2,7,4,3,,,8,3,,4,3],[\
7,,2,13,,,,,,,,,11,25,,3,,,,,,,,,,7,,,,,,,,,,9,,,,,,,,13,,,,2,3,,,,2,11,,,,,,,\
,,,,11],[7,,2,2,2,,8,,,,2,,,,,5,,2,5,,,,14],[7,,2,2,2,,8,,,,,,,,,,10,2,,,,,14,\
,4,,3,,,,,,,,,,7,,,,,,,,,,9,,,,,,,,13,,,,2,2,,,,,2,2,,,,,5,,,,,,,,,,,,10,2,,,,\
,13,,,,2,,2,,,,,,203,,2,,6,,,,,,,,,,,,9,,,,,,,,14,,68,,3,,,,,,,,,,7,,,,,,,,,,9\
,,,,,,,,13,,,,,,,,,,,,,,,,,,,,5,,,,,,,,,,,,9,,,,,,,,13,,,,449,,,,,,,,,,,,,,,,5\
,,,,,,,,,,,,9,,,,,,,,13,,,,130,2,,,,,2,2,,,,,5,,,,,,,,,,,,10,2,,,,,13,,,,,,,,,\
,,,,,,,,,,,5,,,,,,,,,,735,,9,,,,,,,,13,,,,194,,2,,,,,,,,2,,6,,,,,,,,,,,,9,,,,,\
,,,14,1],[2,4,,,9,,,,2,,,3,,4,2,4,,,25,,,,2,,,3,,4,,,,,2,,,3,,4,,,,,2,,,3,,4,,\
,,,2,,,3,,4,2,4,,,9,,,,2,,,3,,4,2,4,,1],[2,4,,,,,17,,2,2,,,,2,2,,2,,4,105,,,,2\
,,,,2,,,,2,,,,2,,,,4,5,,4,6],[2],[4,5,,6,2,4,2,15,,5,,5,,,,4,2,14,2,2,2,,,,,4,\
2,4,,,6,6,,,,,,,2,,,,,3,,,,4,,,5,,6,81,,5,,,,4,2,21,,5,,,,4,2,20,,,,,3,,,,4,,,\
5,,6,8,,,,,3,,,,4,,,5,,6,88,450,4,,,12,15,,,,4,,,12,16,2,4,,,6,6,15,,,,4,,,5,,\
6,16,2,4,2,12,15,,2,4,2,12,22,2,34,2,34,2,12,22,2,12,22,36,449,,5,,5,,,,4,2,15\
,,5,,5,,,,4,2,13,,,,,,2,,,,,3,,,,4,,,5,,6,,,,,,,1412,,,,,3,,,,4,,,5,,6,81,,5,,\
,,4,2,21,,5,,,,4,2,20,,,,,3,,,,4,,,5,,6,8,,,,,3,,,,4,,,5,,6,87,,,,4,,,12,15,,,\
,4,,,12,15,,,,4,,,5,,6,15,,,,4,,,5,,6,15,,2,1894,2,12,15,,2,4,2,12,22,2,34,2,3\
4,2,12,22,2,12,22,36,448,2,2,2,,,,,4,2,4,,,6,6,,,,,,,2,,,,,3,,,,4,,,5,,6,2,2,2\
,2,,,,,4,2,4,,,6,6,,,,,,,2,,,,,3,,,,4,,,5,,6,2,2,2,2,,,,2748,4,2,4,,,6,6,,,,,,\
,2,,,,,3,,,,4,,,5,,6,8,,,,,3,,,,4,,,5,,6,8,,,,,3,,,,4,,,5,,6,8,,,,,3,,,,4,,,5,\
,6,8,,,,,3,,,,4,,,5,,6,8,,,,,3,,,,4,,2976,5,,6,8,,,,,3,,,,4,,,5,,6,16,2,4,,,6,\
6,15,,,,4,,,5,,6,16,2,4,,,6,6,15,,,,4,,,5,,6,16,2,4,,,6,6,15,,,,4,,,5,,6,22,,,\
5,,6,22,,,5,,6,22,,,5,,6,22,,,5,,6,22,,,5,,6,3442,,,5,,6,30,6,29,,6,30,6,29,,6\
,30,6,29,,6,36,36,36,36,36,36,,,,,,,2,,,,,3,,,,4,,,5,,6,,,,,,,2,,,,,3,,,,4,,,5\
,,6,,,,,,,2,,,,,3,,,,4,,,5,,6,,,,,,,2,,,,4008,3,,,,4,,,5,,6,,,,,,,2,,,,,3,,,,4\
,,,5,,6,,,,,,,2,,,,,3,,,,4,,,5,,6,8,,,,,3,,,,4,,,5,,6,8,,,,,3,,,,4,,,5,,6,8,,,\
,,3,,,,4,,,5,,6,8,,4222,,,3,,,,4,,,5,,6,8,,,,,3,,,,4,,,5,,6,8,,,,,3,,,,4,,,5,,\
6,15,,,,4,,,5,,6,15,,,,4,,,5,,6,15,,,,4,,,5,,6,15,,,,4,,,5,,6,15,,,,4,,,5,,6,1\
5,,,,4,,,4529,,6,22,,,5,,6,22,,,5,,6,22,,,5,,6,22,,,5,,6,22,,,5,,6,22,,,5,,6,2\
9,,6,29,,6,29,,6,29,,6,29,,6,29,,6,36,36,36,36,36,36],[5,5,,,11,6,,10,,,4,,,4,\
,,4,,,5,,6,38,3,3,,,,,11,6,,7,,,,,,2,,,,,3,,,,4,,,5,,6],[4,6],[2],[4,1],[10,,3\
],[4,5,,6,2,4,2,15,,5,,5,,,,4,2,14,2,2,2,,,,,4,2,4,,,6,6,,,,,,,2,,,,,3,,,,4,,,\
5,,6,75,,5,,5,,,,4,2,15,,5,,5,,,,4,2,13,,,,,,2,,,,,3,,,,4,,,5,,6,,,,,,,332,,,,\
,3,,,,4,,,5,,6,74,2,2,2,,,,,4,2,4,,,6,6,,,,,,,2,,,,,3,,,,4,,,5,,6,2,2,2,2,,,,,\
4,2,4,,,6,6,,,,,,,2,,,,,3,,,,4,,,5,,6,2,2,2,2,,,,,4,2,4,,,606,6,,,,,,,2,,,,,3,\
,,,4,,,5,,6,,,,,,,2,,,,,3,,,,4,,,5,,6,,,,,,,2,,,,,3,,,,4,,,5,,6,,,,,,,2,,,,,3,\
,,,4,,,5,,6,,,,,,,2,,,,,3,,,774,4,,,5,,6,,,,,,,2,,,,,3,,,,4,,,5,,6,,,,,,,2,,,,\
,3,,,,4,,,5,,6],[2,5,,,,,,2,2,2,14,,10,,,,,,,,,,,,,,,3,,,,,,,,,,,,,14,2,2,8,4,\
,,,,,,104,1],[4,6,,,7,,,,,,2,2],[2,2],[2,2,2,2],[2,6,,,,,,1],[85,,2,5,,,,7,,7,\
,29,,2,13,,,,6,2,5,2,7,2,5,2,112,,6,2,7,110,3,165,,,,5,2,,45,,,,5,,,,5,,,,2,,,\
2,2,2,,,,,,,2,,,2,2,2,,,,,,,82,2,4,2,,,,,2,20,4,2,,2,,,,75,2,14,2,3,13,3,971,2\
,,13,2,,2,6,2,5,3,1178,6,10,,2,3,26,,5,43,5,203,5],[85,,8,47,,15,,8,2,37,,7,,1\
6,,9],[13,8,17],[85,,7,,47,,15,,4,2,2,2,2,2,,2,30,,7,,12,,3,,3,,2,3,293,,7,,55\
,,7,,47,,7,,7,,3,,,,,,,,,,,,,,,,29,,7,,7,,3,,,,,,,,,,,,,,,,301,,4,2,4,2,2,,2,3\
8,,7,,3,,,,3,,,1130,,,,,,,45,,4,2,2,2,2,2,,2,38,,7,,3,,,,,,,,,,,,,,,,34,2,2,2,\
,,,,,,,,9,,,,,,,,2,2,2,3,,,,,,,,18,2,,2,2,,,,,,,,10,2,,2,2,,,,,,4,2,,2,171,,5,\
45,,11,1642,,,3,,45,,11,,,,,,,,58,,2,3,42,,3,,27,,3,28,,2,3,25,,,,,1],[85,,2,5\
,,,,7,,7,,29,,2,13,,,,6,2,5,2,7,2,5,2,112,,8,7,57,7,63,87,,,,5,,,,7,,7,,37,,,,\
5,,,,7,,7,,21,,,,5,,,,5,,,,5,,,,,,,,,,,,,,,,,,,,,,,,,,,,,,,700,,,,,67,,3,,3,,3\
,,3,,,,,,3,2,,,,7,,7,,7,,7,4,,3,,3,,3,,3,,,,,,3,2,,,,7,,7,,7,,7,4,,,,5,,,,3,,,\
,,,,,,,,,,,,,,,,,,,,,,,,,,,,,3,,,950,5,,,,1101,,3,,4,2,2,3,3,,16,,8,7,12,,3,,4\
,,,2,3,2,,,,7,,7,,7,,7,11,3,,2,10,3,,,,6,2,3,2,,,,6,2,5,,,,111,,8,7,48,,8,7,47\
,16,77,,3,,4,,2,4,2,3,7,,16,7,4,,3,,3,,3,,3,,,,,,3,2653,,,,7,,7,,7,,7,3,2,,2,2\
,,,,,,,,2,2,,2,2,,,,,,,,,,,,,,,,2,2,,2,2,,,,,,,,2,2,,2,68,,3,,3,,3,,3,,,,,,3,2\
,,,,7,,7,,7,,7,12,,3,,4,,2,4,2,3,7,,16,7,3,2947,2,3,,,,,,,,,,,,,,,,,2,,2,3,,,,\
,,,,,2,,2,3,2,,2,3,,,,,,,,1],[85,,,,5,,,,3,,3,,3,,3,,4,,,5,,,,15,,,,13,,,,2,2,\
2,2,2,2,,2,5,2,2,2,2,,2,14,,,,5,,,,14,,6,3,5,3,6,,16,,6,2,6,,16,,6,2,6,,16,,16\
,7,,16,7,15,10,8,6,2,8,14,151,,,,5,,,,19,,7,,645,,,,5,,,,5,,,,5,,,,2,,,2,,,2,,\
,,,,,2,,,2,,,2,,,,,,,5,,,,5,,,,5,,,,5,,,,2,,,,,,,2,,,,,,,2,,,,,,,2,,,,,,,3,,3,\
,3,,3,,4,3,,3,,3,800,4,3,,4,3,,4,3,,3,,3,,4,3,,4,3,,2,2,,,,,2,2,,,,,4,3,,4,3,,\
2,2,2,,,2,2,,,,,4,2,6,2,4,2,2,,,2,2,2,,,2,2,2,,,2,2,2,,,4,2,6,2,6,,,6,,,4,2,,,\
,,2,2,,,,,2,2,2,,,1002,2,,,,,4,2,6,,,648,,,6,,,6,,,6,,,2,2,2,2,2,2,2,,,4,2,2,2\
,2,2,,,14,,,6,,,14,,9,8,6,,73,7,,8,8,24,7,,8,6,2,8,8,6,2,8,8,6,2,16,32,146,2,4\
,2,2,4,4,2,2,2,2,2,2,20,4,2,2,4,6,6,2,2,6,2,6,8,6,2286,2,6,2,6,136,2,6,2,8,6,2\
,6,2,6,2,8,6,2,16,32,216,4,4,4,2,2,8,24,4,4,136,4,4,8,8,8,8,8,4,4,14,2,14,2,8,\
16,1053,,,,5,,,,19,,7,,25,,,,5,,,,3,,3,,3,,3,,3,,,,5,,,,15,,,,5,,,,5,,,,,,,,,4\
262,,,,,,,,,,,,,,,,,,,,,,,,,,,13,,,,5,,,,5,,,,,,,,,,,,,,,,,,,,,,,,,,,,,,,,,,,,\
11,,3,,5,,,,,,,,,,,,3,,3,,3,,3,,,,,,,4406,,,,,,,,,,,11,,3,,6,,,,,,,,,,,3,,3,,3\
,,3,,,,,,,,,,,,,,,,,,11,,,,8,2,,,,,,,,,2,,,,,,,,,,,,,,,3,,,,5,,,,13,,,,10,,,,,\
,,,,4577,,,,,,,,,,,,,,,,3,,,,5,,,,87,,,,5,,,,19,,7,,17,,,,5,,,,5,,,,2,,,,,,,,,\
,,,,,,,,,,,,,,,,,,,,,,13,,,,5,,,,5,,,,2,,,,,,,,,4843,,,,,,,,,,,,,,,,,,,,,,11,,\
3,,2,,,,,,,,,,,,,,,4,3,,3,,3,,,,,,,,,,,,,,,,,,11,,3,,2,2,,,,,,,,,,,,,3,,3,,3,,\
3,,,,,,,,,,,,4987,,,,,,11,,,,4,2,,,,,,,,,,,,,2,,,2,,,,,,,,,,,3,,,,5,,,,13,,,,4\
,2,,,,,,,,,,,,,2,,,,,,,,,,,,,,,3,,,,5,,,,143,,,,13,,,,2,,,2,,5288,,,,,,,,,,,,,\
,,,,,,,,,,,,13,,,,13,,,,2,,,2,,,,,,,,,,,,,,,,,,,,,,,,,,,9,,,,3,,9,,,,,,,,17,,,\
,3,,,,,,3,,9,,,,,,,,9,,,5468,,,,,2,,,2,,,,,,,,,,,,,,,,,,,,,,,,,,,9,,,,,,,,9,,,\
,,,,,2,2,2,,,,,,,,,,,,,,,,,,,,,,,,,,,9,,,,,,,,9,,,,,,,,2,,,2,5607,,,,,,,,,,,,,\
,,,,,,,,,,,,,141,,,,6,,,5,,,,2,2,2,,,,,,,,,,,,,,,,,,,,,,,,,,,13,,,,6,,,5,,,,2,\
2,2,,,,,,,,,,,,,,,,,,,,,5883,,,,,,73,,,,3,,6,,,,,,,,,,,17,,,,3,,,,,,3,,9,,,,,,\
,,6,2,,,,,,,,,2,2,2,2,,,,,,,,,,,,,,,,,,,,,,,,,9,,,,,,,,8,,,,,,,,,2,2,6118,,,,,\
,,,,,,,,,,,,,,,,,,,,,,137,,,,3,,2,2,2,2,,,,,,,,,17,,,,3,,,,,,3,,9,,,,,,,,4,2,2\
,,,,,,,,,2,2,2,2,,,,,,,,,,,,,,,,,,,,,6397,,,,137,,,,,,,,6,2,,,,,,,,,4,2,2,,,,,\
,,,,,,,,,,,,,,,,,,,,9,,,,,,,,8,,,,,,,,,2,2,2,2,,,,,,,,,,,,,,,,,,,,,,,,,201,,,,\
3,,6868,2,2,,,,,,,,,17,,,,3,,,,,,3,,137,,,,,,,,4,2,2,,,,,,,,,8,,,,,,,,,,,,,,,,\
,,,,,,,,,9,,,,,,,,6,2,,,,,,,,,4,2,2,,,,,,,,,,,,,7157,,,,,,,,,,,,395,,13,,,,,,,\
,19,,7,,15,,,,11,,,,,,,,4,4,,,,,,,,,3,,,,5,,,,461,,12,,,,,,,,,19,,7,,4142,,5,2\
,,2,3,2,,3,,30,,,,10,,,,,,,2,2,,,,,2,12411,,,,,,29,,,,10,2,,,,,4,,,,,2,2,,,,,4\
5,3,5,3,6,,31,,14,,,,6,,,6,,33,16,8,6,,,32,16,8,6,2,48,45,,,,18,,,,,,,,,,,,,,,\
29,,,,9,,,,3,,2,,,,,,,,,,,,,,,12957,,,,9,,,,,,,,2,,,,,,,,,,,,,,,29,,,,9,,,,,,,\
,2,,,,,,,,,,,,,,,25,,,,,,,,11,,3,,2,2,2,,,,,,,,,,,25,,,,,,,,9,,,,,,,,2,2,,,,13\
176,,,,,,,,,25,,,,,,,,9,,,,,,,,2,2,2,,,,,,,,,,,25,,,,,,,,9,,,,,,,,2,2,,,,,,,,,\
,,,,562,6,2,,3,,30,,,,18,2,2,,,2,,,,,,,29,,,,10,2,,,,,14004,2,,,2,2,,,,,45,3,8\
,6,,31,,23,2,6,,33,16,8,6,,,32,16,8,6,2,48,42,,3,,19,2,2,2,2,,3,,27,,,,,,,18,2\
,2,2,2,,,,,,,26,2,,,,,10,2,3,,4,2,2,2,2,,,,,30,,13,,,,,6,2,6,,31,,23,2,6,,31,1\
4687,,22,2,6,,,30,2,14,2,8,6,2,48,42,,2,3,24,,,,,,,,,25,,,,,,,,20,2,2,,,,,,,,,\
25,,,,,,,,20,2,2,,,,,,,,,26,,2,3,10,,5,8,,,,,,,,,25,,,,,,,,20,4,,,,,,,,,15194,\
,2,3,24,,,,,,,,,26,,2,3,16,8,,,,,,,,,25,,,,,,,,9,,,,,,,,6,2,,,,,,,,,538,,3,,25\
,2,,3,,27,,,,,,,24,2,,,,,,,26,2,,,,,24,2,2,,,,,30,,25,6,,31,,31,,31,16223,,24,\
6,,,30,2,30,2,48,12427,,,,60,2,,2,63,,63,,64,63,189,,62,,,,,,,58,,,,,,,59,,3,,\
58,2,,,,,60,2,62,,,700,2,2,,,62,,128,,62,2,250,2,4,62,192,2,316,4,188,4],[21,8\
,6,,3,1],[13,,,,18,4,4,2,,2,3,4,23,,,,5,,,,5,,,2,,,,,,,,,,,,,,,,,,,,,,,,,,,,,,\
,,34,4,4,2,,2,3,4,108,4,3,,,,,,,,2,4,52,2,,2,2,,,,,,,,2,3,2,51,4],[85,,,,11,,3\
,,11,2,6,2,32,,,,2,2,4,2,2,3,3,2,2,2,2,2,,2,83,2,4,2,,4,19,2,2,2,2,,3,,124,2],\
[11,4,12,4,12,4],[85,,,,5,,,,3,,3,,3,,3,,3,,,,5,,,,79,,,,5,,,,14,,9,8,19,,3,,2\
,2,2,2,6,,16,,6,2,19,,3,,2,2,,2,3,,2,3,3,,3,,10,,2,3,2,2,,2,76,,,,4,2,,2,7,,7,\
,8,7,95,,,,5,,,,3,,3,,619,,3,,3,,,,5,,,,7,,,,5,,,,5,,,,5,,,,5,,,,6,,,6,2,8,5,,\
,,5,,,,5,,,,5,,,,,,,,,,,,,,,,,,,,,,,,,,,,,,,,,,,,3,,3,,3,,3,,,,,,,,791,,,,,,,,\
,,3,,3,,3,,3,,,,,,,,,,,,,,,,,,3,,3,,3,,3,,,,,,,,,,,,,,,,,,3,,3,,3,,3,,,,,,,,,,\
,,,,,,,,3,,,,5,,,,3,,,,,,,,,,923,,,,,,,,,,,,,,,,,,,,,,3,,,,5,,,,5,,,,5,,,,3,,,\
,,,,,,,,,,,,,,,,,,,,,,,,,,,,,3,,,,5,,,,719,,,,5,,,,14,,9,8,10,,3,,3,,,,,,1808,\
2,2,,,,,6,,7,,7,,,6,2,10,,2,3,,,,,,,,,,,,,,,,,2,,2,3,,,,,,,,,2,,2,3,2,,2,3,,,,\
,,,,,66,,3,,3,,,,,,,2,2,,,,,6,,7,,7,,,6,2,275,,3,,2,2,2,2,6,,2351,,6,2,11,,3,,\
3,,3,,,,,,,,,,,,,,,,,,3,,3,,3,,3,,,,,,,,,,,,,,,,,,66,,3,,3,,,,,,,2,2,,,,,6,,7,\
,7,,,6,2,339,,3,,2,2,,2,3,,2,3,3,,3,,10,,2,3,2,2,2941,2,3,,2,3,2,,,,,,,2,2,,,,\
,5,3,5,,,,8,8,8,2,2,,2,2,,,,,,,,2,2,,2,2,,,,,,,,,,,,,,,,2,2,,2,2,,,,,,,,2,2,,2\
,972,,,,4,2,,2,7,,7,,8,7],[21,,,,11,,3,,11,2,6,2,24,,,,11,,3,,11,2,6,2,24,,,,5\
,,,,,,,,3,,,,,,3,,,,,,,,,,,,,,,,,,81,,,,3,,,,,,3,,17,,,,,,,,,,,,,,,,115,8,2,62\
],[11,4,12,4,12,4],[85,,7,,5,,3,,3,,3,,29,,15,,4,2,2,2,2,2,,2,30,,7,,12,,3,,3,\
,2,3,27,,3,,2,2,2,2,2,,3,,12,,3,,2,2,2,2,2,,3,,12,,3,,2,2,,2,3,,2,3,3,,3,,10,,\
2,3,2,2,,2],[6,12,3,,,3,12,12,3,,,3],[7,8,4,4,4,4,8,8],[11,,7,1],[11,4,4,4,24,\
8],[2],[7,8,4,4,4,4,8,8],[6,2,6],[11,,6,2,2,2,2,,3,,12,,23,,7,,5,,,,,,,,,,,,,,\
,,3,,7,,22,2,2,2,,,,,,,,,2,2,2,2,,,,,,,,,2,2,2,2,,,,,,,,,2,2,2,2,,,,,,,,,2,,3,\
,2,,,,,,,,,,,,213,,,,2,,3,,3,,3,,2,,,,,,,,,,,,,,,,2,,3,,12,,6,2,2,2,2,,3,,12,,\
23,,7,,5,,,,,,,,,,,,,,,,3,,7,1],[13,,15,,16,16],[11,,8,2,2,6,37,,7,,7,,,,,,4,,\
,2,34,2,2,2,2,,,,,,,4,2,2,4,,,,,6,2,6,,,8,8,2,,3,,3,,,,,,,3,,,,,,6,,7,,7,,,7,,\
19,,8,2,2,6,37,,7,,7,,,,,,4,,,2,163,,7,,7,,,,535,,4,,,2,35,,7,,7,,,,,,4,,,2,33\
,,,,,,,,2,,,,,,,3,,,,,,4,,,,,5,,,,6,,,7,,8,,,,,,,,,2,,,,,,,3,,,,,,4,,,,,5,,,,6\
,,,7,,8,3,,7,,7,,,,791,,4,,,2,35,,7,,7,,,,,,4,,,2,162,2,2,2,2,,,,,,,4,2,2,4,,,\
,,6,2,6,,,8,8,,,,,,,,,2,,,,,,,3,,,,,,4,,,,,5,,,,6,,,7,,8,2,2,2,2,2,,,,,,,4,2,2\
,4,,,,1184,6,2,6,,,8,8,,,,,,,,,2,,,,,,,3,,,,,,4,,,,,5,,,,6,,,7,,8,2,2,2,2,2,,,\
,,,,4,2,2,4,,,,,6,2,6,,,8,8,,,,,,,,,2,,,,,,,3,,,,,,4,,,,,5,,,,1390,,,7,,8,2,2,\
2,2,2,,,,,,,4,2,2,4,,,,,6,2,6,,,8,8,,,,,,,,,2,,,,,,,3,,,,,,4,,,,,5,,,,6,,,7,,8\
,2,,3,,3,,,,,,,3,,,,,,6,,7,,7,,,7,,9,,,,,,1607,,2,,,,,,,3,,,,,,4,,,,,5,,,,6,,,\
7,,8,,,,,,,,,2,,,,,,,3,,,,,,4,,,,,5,,,,6,,,7,,8,2,,3,,3,,,,,,,3,,,,,,6,,7,,7,,\
,7,,10,,3,,3,,,,1806,,,3,,,,,,6,,7,,7,,,7,,9,,,,,,,,2,,,,,,,3,,,,,,4,,,,,5,,,,\
6,,,7,,8,,,,,,,,,2,,,,,,,3,,,,,,4,,,,,5,,,,6,,,7,,8,2,,3,,3,,,,,,2000,3,,,,,,6\
,,7,,7,,,7,,19,,8,2,2,6,37,,7,,7,,,,,,4,,,2,34,2,2,2,2,,,,,,,4,2,2,4,,,,,6,2,6\
,,,8,8,2,,3,,3,,,,,,,3,,,,,,6,,7,,7,,,7,,19,,8,2,2,6,37,,7,,7,,2389,,,,4,,,2,1\
63,,7,,7,,,,,,4,,,2,35,,7,,7,,,,,,4,,,2,33,,,,,,,,2,,,,,,,3,,,,,,4,,,,,5,,,,6,\
,,7,,8,,,,,,,,,2,,,,,,,3,,,,,,4,,,,,5,,2791,,6,,,7,,8,3,,7,,7,,,,,,4,,,2,35,,7\
,,7,,,,,,4,,,2],[13,,,14,3,3,3,,,2,,,50,,,7,,,4,,,2,,3,,,,,,,,,,,,,,,,,,,118,,\
,2,,3,19,,,,,,,,,19,,,,,,,,,47,,3,4,,,,,,,,,20,,3,2,329,,,7,,,7,,,5,,,,,,,,2,7\
68,,,,,,,2,2,,,,,,32,,7,,,7,,,5,,,,,,,,2,,,,,,,,2,,,,,,,,32,,7,,,7,,,5,3,,,,,2\
,2,,,,,,2,2,,,,,,29,,2,,2,,2,,,,,,,,2,3,,,,,2,,2,,2,,1010,,,,,,,,2,2,,,,,,2,,2\
,,2,,2,,,,,,,,2,2,,,,,,2,,2,,2,,2,,2,,2,,2,,2,,2,,2,,2,,2,,2,,,,,,,,2,,,,,,,,2\
,,2,,2,,2,,,,,2,,2,,,,,,,,2,3,,1142,,2,3,,2,,2,3,,2,,2,3,,2,,2,3,,,,,2,3,,,,,2\
,3,,2,,2,2,,,2,,2,3,,2,,1707,8,,2,,5,3,6,,2,,6,2,6,3,,5,,8,,26,,2,,5,,2,,5,,3,\
5,,2,,5,,2,,5,,3,5,,3,5,,3,14,3,6,3,15,3,6,3131,6,9,9,18,,3,5,3,,14,,2,,5,3,,1\
4,,2,,5,3,,23,3,16,8,,2,,14,,3,6,2,24,3,24,3,,14,4,5,3,24,27,27,54,27],[2],[2,\
2],[7,9,,,,,32,5,4,,,,,,,,,,36,,,,,6,,,,,6,,,,,6,,,,,6,,,,,,,,,,,,,,,,,,,,,,,,\
,,,,,,,,,,,,,,,,,,,,,,,,,,,,,,,302,5,4,,,,,516,,,,,32,5,4,,,,,,,,,,31,,,,,,,,,\
,,,,,,,,,,,,,,,,,,,,,,,,,,,,,,,,,,,,,,,,,,,,,,,,,,,,,,,,,,,,,,,,,,,,,,,,,,684,\
,,,,,,,,,,,,,,,1],[2],[44,11,,,130,,,10,,,10,,,227,11,,,23,11,,,17,3,3,3,2,,,,\
,,,,,,,,55,,,10,,,10,,,10,,,10,,,10,,,4,,,,,,,,,,,,,,,,,,,,,,,,,,,,,,,,,,,1],[\
18,2,,,2,2,2,,,2,20,4,4,4],[2,3],[14,6],[14,2,21,,,1],[19,,10,2,10,,24,,3,,6,2\
,2,2,67,,11,,9,,,,9,,,,7,,3,,3,,3,,3,,3,,,,,,,,,,,,,,,,,,,,,,,,,,198,,10,,,,9,\
,,,10,,11,,3,,7,,,2,,,6,2,2,2,75,,3,,3,,2,2,2,2,2,2,618,,3,,20,,3,,6,2,2,2,10,\
,24,,10,2,15,,3,,3,,3,,3,,3,,,,,,,,,,,,,,,,,,,,,,,,,,3,,3,,3,,3,,3,,3,,,,,,,,,\
,,,,,,,,,,,,,,,,,3,,3,,3,,3,,3,,839,,,,,,,,,,,,,,,,,,,,,,,,,,146,,3,,3,,3,,,,,\
,,,,,,2,2,,,,,,,,,6,,3,,7,,3,,7,,,,,,,6,2,,,,,10,,11,,11,,,10,2,595,,11,,9,,,,\
9,,,,7,,3,,3,1788,3,,3,,3,,,,,,,,,,,,,,,,,,,,,,,,,,55,,11,,9,,,,9,,,,7,,3,,3,,\
3,,3,,3,,,,,,,,,,,,,,,,,,,,,,,,,,53,,,,9,,,,9,,,,9,,,,5,,,,,2070,,,,,,,,,,,,,,\
,,,,,,,,,,,,,,,,,,,,,,,,,,,,,53,,,,9,,,,9,,,,9,,,,5,,,,,,,,,,,,,,,,,,,,,,,,,,,\
,,,,,,,,,,,,,,2250,,,,,,,51,,3,,3,,3,,3,,3,,,,,,,,,,,,,,,,,,,,,,,,,,3,,3,,3,,3\
,,3,,3,,,,,,,,,,,,,,,,,,,,,,,,,,3,,3,,3,,3,,3,,3,,,,,,,,,,,2434,,,,,,,,,,,,,,,\
3,,3,,3,,3,,3,,3,,,,,,,,,,,,,,,,,,,,,,,,,,3,,3,,3,,3,,3,,3,,,,,,,,,,,,,,,,,,,,\
,,,,,,3,,3,,3,,3,,3,,3,,,2570,,,,,,,,,,,,,,,,,,,,,,,,,,,,,,,,,,,,,,,,,,,,,,,,,\
,,,,,,,,,,,,,,,,,,,,,,,,,,,,,,,,,,,,,,,,,,,,,,,,,,,2670,,,,,,,,,,,,,,,,,,,,,,,\
,,,,,,,,,,,,,,,,,,,,,,,,,,,,,,,,,,,,,,,,,,,,,,,,,,,,,,,,,,,,,,,,,,,,,,,,,,,,,2\
770,,,,,,,,,,,,,,,,,,,,,,,,,,,,,,,,,,,,,,,,,,,,,,,,,,,,,,,,,,,,,,,,,,,,,,,,,,,\
,,,,,,,,,,,,,,,,,,,,,,,,,2870,,,,,,,,,,,2310,,10,,,,9,,,,10,,11,,3,,7,,,2,,,6,\
2,2,2,65,,,,9,,,,9,,,,9,,,,5,,,,,,,,,,,,,,,,,,,,,,,,,,,,,,,,,,,,,,,,,,,,,,,542\
4,198,,10,,,,9,,,,10,,11,,3,,7,,,2,,,6,2,2,2,62,,3,,3,,3,,,,,,,,,,,2,2,,,,,,,,\
,6,,3,,7,,3,,7,,,,,,,6,2,,,,,10,,11,,11,,,10,2,13,,,,,,,,,,,,,,,,5921,,,,,,,,,\
,,,,,,,,,,,,,,,,,,,,,,,,,,,,,,,,,,,,,,,,,,,,,,,,,,,,,,,,,,,,,,,,,,,,,,,,,,,,,,\
,,,,,,,,,,,,,6021,,,,,,,,,,,,,,,,,,,,,,,,,,,,146,,3,,3,,3,,,,,,,,,,,2,2,,,,,,,\
,,6,,3,,7,,3,,7,,,,,,,6,2,,,,,10,,11,,11,,,10,2,603,,3,,3,,2,2,2,2,2,2,6,,3,69\
59,20,,3,,6,2,2,2,10,,24,,10,2,15,,3,,3,,3,,3,,3,,,,,,,,,,,,,,,,,,,,,,,,,,3,,3\
,,3,,3,,3,,3,,,,,,,,,,,,,,,,,,,,,,,,,,3,,3,,3,,3,,3,,3,,,7178,,,,,,,,,,,,,,,,,\
,,,,,,146,,3,,3,,3,,,,,,,,,,,2,2,,,,,,,,,6,,3,,7,,3,,7,,,,,,,6,2,,,,,10,,11,,1\
1,,,10,2,27,,3,,3,,2,2,2,2,2,2,6,,3,,20,,3,,7566,2,2,2,10,,24,,10,2,15,,3,,3,,\
3,,3,,3,,,,,,,,,,,,,,,,,,,,,,,,,,3,,3,,3,,3,,3,,3,,,,,,,,,,,,,,,,,,,,,,,,,,3,,\
3,,3,,3,,3,,3,,,,,,,,7759,,,,,,,,,,,,,,,,,,146,,3,,3,,3,,,,,,,,,,,2,2,,,,,,,,,\
6,,3,,7,,3,,7,,,,,,,6,2,,,,,10,,11,,11,,,10,2,27,,3,,3,,2,2,2,2,2,2,6,,3,,20,,\
3,,6,2,2,2,10,8159,24,,10,2,15,,3,,3,,3,,3,,3,,,,,,,,,,,,,,,,,,,,,,,,,,3,,3,,3\
,,3,,3,,3,,,,,,,,,,,,,,,,,,,,,,,,,,3,,3,,3,,3,,3,,3,,,,,,,,,,,,,8340,,,,,,,,,,\
,,,146,,3,,3,,3,,,,,,,,,,,2,2,,,,,,,,,6,,3,,7,,3,,7,,,,,,,6,2,,,,,10,,11,,11,,\
,10,2,15,,3,,3,,3,,3,,3,,,,,,,,,,,,,,,,,,,,8683,,,,,,3,,3,,3,,3,,3,,3,,,,,,,,,\
,,,,,,,,,,,,,,,,,3,,3,,3,,3,,3,,3,,,,,,,,,,,,,,,,,,,,,,,,,,3,,3,,3,,3,,3,,3,,,\
,,,,,,,,,8819,,,,,,,,,,,,,,3,,3,,3,,3,,3,,3,,,,,,,,,,,,,,,,,,,,,,,,,,3,,3,,3,,\
3,,3,,3,,,,,,,,,,,,,,,,,,,,,,,,,,,,,,,,,,,,,,,,8943,,,,,,,,,,,,,,,,,,,,,,,,,,,\
,,,,,,,,,,,,,,,,,,,,,,,,,,,,,,,,,,,,,,,,,,,,,,,,,,,,,,,,,,,,,,,,,,,,,,,,,9043,\
,,,,,,,,,,,,,,,,,,,,,,,,,,,,,,,,,,,,,,,,,,,,,,,,,,,,,,,,,,,,,,,,,,,,,,,,,,,,,,\
,,,,,,,,,,,,,,,,,,,,,9143,,,,,,,,,,,,,,,,,,,,,,,,,,,,,,,,,,,,,,,,,,,,,,,,,,,,,\
,,,,,,,,,,,,,,,,,,,,,3,,3,,3,,3,,3,,3,,,,,,,,,,,,,,,,9255,,,,,,,,,,3,,3,,3,,3,\
,3,,3,,,,,,,,,,,,,,,,,,,,,,,,,,3,,3,,3,,3,,3,,3,,,,,,,,,,,,,,,,,,,,,,,,,,3,,3,\
,3,,3,,3,,3,,,,,,,,9391,,,,,,,,,,,,,,,,,,3,,3,,3,,3,,3,,3,,,,,,,,,,,,,,,,,,,,,\
,,,,,3,,3,,3,,3,,3,,3,,,,,,,,,,,,,,,,,,,,,,,,,,,,,,,,,,,,9515,,,,,,,,,,,,,,,,,\
,,,,,,,,,,,,,,,,,,,,,,,,,,,,,,,,,,,,,,,,,,,,,,,,,,,,,,,,,,,,,,,,,,,,,,,,,,,,,,\
,,,,,9615,,,,,,,,,,,,,,,,,,,,,,,,,,,,,,,,,,,,,,,,,,,,,,,,,,,,,,,,,,,,,,,,,,,,,\
,,,,,,,,,,,,,,,,,,,,,,,,,,,,,,,9715,,,,,,,,,,,,,,,,,,,,,,,,,,,,,,,,,,,,,,,,,,,\
,,,,,,,,,,,,,,,,,,,,,,,,,,,,,,,,,,,3,,3,,3,,3,,3,,3,,,,,,,,,,,,9827,,,,,,,,,,,\
,,,3,,3,,3,,3,,3,,3,,,,,,,,,,,,,,,,,,,,,,,,,,3,,3,,3,,3,,3,,3,,,,,,,,,,,,,,,,,\
,,,,,,,,,3,,3,,3,,3,,3,,3,,,,9963,,,,,,,,,,,,,,,,,,,,,,3,,3,,3,,3,,3,,3,,,,,,,\
,,,,,,,,,,,,,,,,,,,3,,3,,3,,3,,3,,3,,,,,,,,,,,,,,,,,,,,,,,,,,,,,,,,10087,,,,,,\
,,,,,,,,,,,,,,,,,,,,,,,,,,,,,,,,,,,,,,,,,,,,,,,,,,,,,,,,,,,,,,,,,,,,,,,,,,,,,,\
,,,,,,,,,,,,,,,,10187,,,,,,,,,,,,,,,,,,,,,,,,,,,,,,,,,,,,,,,,,,,,,,,,,,,,,,,,,\
,,,,,,,,,,,,,,,,,,,,,,,,,,,,,,,,,,,,,,,,,,,10287,,,,,,,,,,,,,,,,,,,,,,,,,,,,,,\
,,,,,,,,,,,,,,,,,,,,,,,,,,,,,,,,,,,,,,,,,,,,,,,,,,,,1730,,3,,3,,3,,,,,,,,,,,2,\
12124,,,,,,,,,6,,3,,7,,3,,7,,,,,,,6,2,,,,,10,,11,,11,,,10,2,13,,,,,,,,,,,,,,,,\
,,,,,,,,,,,,,,,,,,,,,,,,,,,,,,,,,,,,,,,,,,,,,12302,,,,,,,,,,,,,,,,,,,,,,,,,,,,\
,,,,,,,,,,,,,,,,,,,,,,,,,,,,,,,,,,,,,,,,,,,,,,,,,,,,,,,146,,3,,3,,3,,,,,,,,,,,\
12554,2,,,,,,,,,6,,3,,7,,3,,7,,,,,,,6,2,,,,,10,,11,,11,,,10,2,14,,3,,3,,3,,,,,\
,,,,,,2,2,,,,,,,,,6,,3,,7,,3,,7,,,,,,,6,2,,,,,10,,11,,11,,,10,2,13,,,12820,,,,\
,,,,,,,,,,,,,,,,,,,,,,,,,,,,,,,,,,,,,,,,,,,,,,,,,,,,,,,,,,,,,,,,,,,,,,,,,,,,,,\
,,,,,,,,,,,,,,,,,,12920,,,,,,,,,,,,,,,,,,,,,,,,,,,,,,,,,,,,,,,,,146,,3,,3,,3,,\
,,,,,,,,,2,2,,,,,,,,,6,,3,,7,,3,,7,,,,,,,6,2,,,,,10,,11,,11,,,10,2,14,,13254,,\
3,,3,,,,,,,,,,,2,2,,,,,,,,,6,,3,,7,,3,,7,,,,,,,6,2,,,,,10,,11,,11,,,10,2,13,,,\
,,,,,,,,,,,,,,,,,,,,,,,,,,,,,,,,,,,,,,,,,,13438,,,,,,,,,,,,,,,,,,,,,,,,,,,,,,,\
,,,,,,,,,,,,,,,,,,,,,,,,,,,,,,,,,,,,,,,,,,,,,,,,,,,,,,,,,,,,,,,,,,,,146,13683,\
3,,3,,3,,,,,,,,,,,2,2,,,,,,,,,6,,3,,7,,3,,7,,,,,,,6,2,,,,,10,,11,,11,,,10,2],[\
6,,,3,,11,1],[2,4,8,4,8,4,8,4],[6,11,,,,10,20,4,4,3,,,,,,,,,,,,2,4,4,67,,,,9,,\
,,9,,,,9,,,,5,,,,,,,,,,,,,,,,,,,,,,,,,,,,,,,,,,,,,,,,,,,,,,,,54,11,,,,10,20,4,\
4,3,,,352,,,,,,,,,2,4,4,208,4,4,3,,,,,,,,,,,,2,4,4,16,4,4,3,,,,,,,,,,,,2,4,4,1\
6,4,4,3,,,,,,,,,,,,2,4,4,15,,,,,,,,,,,,,,,,,,,,,,,,,,,,,,,,,,755,,,,,,,,,,,,,,\
,,,,,,,,,,,,,,,,,,,,,,,,,,,,,,,,,,,,,,,,,,,,,,,,,,,,,,,,,,,,,,,,,,,,,,,,,,,,,,\
,,,,,,,,855,,,,,,,,,,2,4,4,3,,,,,,,,,,,,2,4,4,16,4,4,3,,,,,,,,,,,,2,4,4,16,4,4\
,3,,,,,,,,,,,,2,4,4],[2,3,1],[10,2,2,2,9,,2,,,2],[19,,,,,,20,,29,6,6,2,2,,2,2,\
3,2,2,2,2,2,2,7],[26,,,2,,,6,,,2,,,29,,,,,,,,5,,,,,,,1],[4,4,4,4],[6,1],[7,,3,\
1],[6,1],[7,,4,6,2,2,,,4,4],[2],[5,14,,,26,3,3,3,3,2,,,,,,,,,,,,,,1],[4681,,,,\
3,,10,,,,,,,10,2,,,,,12,,,,,5,,,,5,,,,6,,,5,,,,6,2,5,,,,8,5,,,,153,,,,3,,9,,,,\
,,,,9,,,,,,,,6,,,5,,,,5,,,,5,,,,5,,,,5,,,,5,,,,5,5054,,,6,,,,,,,9,,,,,,,,9,,,,\
,,,,9,,,,,,,,45,,,,3,,9,,,,,,,,41,,,,,,,,9,,,,,,,,3,,3,,3,,3,,4,3,,3,,3,,4,3,,\
2,3,,6,3,,,,3,,6,3,,3,,3,,4,5335,,3,,3,,4,3,,2,3,,6,3,,,,3,,59,,,,3,,41,,,,,,,\
,9,,,,,,,,3,,3,,3,,3,,3,,3,,3,,3,,3,,3,,,,3,,5,,3,,,,3,,5,,3,,3,,3,,3,,3,,3,,3\
,,3,,3,,,,3,,5,,3,5624,,,3,,134,2,5,,2,6,,,5,,,,6,2,4,5,,4,,,3,,5,,4,2,4,5,,4,\
,,3,,5,,4,,,5,,,,6,,,5,,,,133,,7,,2,5,,,,5,,,,5,,2,4,5,,3,,,,3,,5,,3,,2,4,5,,3\
,,,,3,,5,,3,,2,5,6124,,,5,,,,5,,,,201,,7,,7,,7,,6,7,,7,,7,,168,,,5,,,,6,,,5,,,\
,4,3,,3,,3,,4,3,,3,,3,,4,2,5,,,,6,2,5,,,,198,6,5,,4,2,4,5,,4,3,,2,3,,6,3,,2,3,\
,214,5,,5,,4,3,,2,3,,6,3,7160,,,3,,166,6,5,,4,2,4,5,,38,,,2,,,10,,,2,,,184,5,,\
5,,38,,,2,,,10,,,,,,,5678,,,,,,,42,,,,,,,10,,,,,,,44,4,12,,3,14,,15,,17,16,58,\
,,2,,,74,,,,,,,18,6,4,3,3,6,4,2,,3,6,13754,,2,3,8,4,2,,3,6,2,,2,3,2,6,2,,2,3,2\
,6,4,2,,299,,,2,,,42,,,,,,,10,,,2,,,44,,3,12,4,14,,15,,17,16,354,6,7,3,6,4,2,,\
3,4,,5,,3,72,7,3,4,6,,3,2,4,6,4,2,6,4,2,,295,2,6,,,56,2,,5,10,,3,,32,,15278,,,\
31,17,16,54,2,2,2,60,4,2,,11,4,,45,2,,15,,103,2,2,,,54,6,2,,5,2,4,6,,3,34,4,6,\
4,2,6,2,,2,3,8,46,2,2,,,298,2,2,,,60,4,2,,11,,3,,29,3,13,2,,15,,13419,2,3,,58,\
2,2,,,60,4,14,,33,16,74,2,3,,42,2,2,,,58,2,3,30142,2,28,3,15,2,10,2,3,1504,,14\
,2,186,6,62,2,208,44,4,1586,2,4,8,6,8,40,2,2,2,2,2,14,112,2,72,2,6,40,2,6,10,2\
,46,2,12,2,6,40,2,6,10,2,430,2,18,48,1212,2,4,14,48,2,208,48,1864,48,4,2,6,10,\
2,100,10,2,8,6,120,6,2,42,6,10,54,190,4,4,10,2,52,2,6,2,1264,2,8,6,186,52,4,40\
440,260,2,6384,2,1424,104,8],[21,,16],[25,,,,62,,,38,4,4,4,8,,31],[21,,15,1],[\
11,,31,1],[329,,,,,,,,9,,,,,,,,9,,,,,,,,9,,,,,,,,5,,,,5,,,,5,,,,5,,,,5,,,,5,,,\
,5,,,,5,,,,5,,,,,,,,9,,,,,,,,9,,,,,,,,9,,,,,,,,605,,,,1117,,,,34,4,8,4,2,2,2,,\
2,2,2,3,4,4,4,20,4,4,4,4,2,2,2,,2,2,2,3,4,4,4,91,,,,,,,,25,,,,,,,,34,2,,2,7,2,\
2,2,,2,3,2,,2,3,3,2,7,4,2,,2,2,2,3,2,2,2,,2,3,2,,2,3,2,,2,2,2,3,2,2,2,,2,3,2,,\
1535,90,,,,,,,,66,4,8,20,4,4,4,4,2,2,2,,2,2,2,3,4,4,4,340,4,8,4,2,,2,3,2,,2,3,\
4,4,4,84,4,4,4,4,2,,2,3,2,,2,3,4,4,4,100,2,,2,7,2,2,2,2,2,,2,2,2,3,3,2,7,68,2,\
,2,2,2,3,2,2,2,2,2,,2,2,2,3,2,,2,2,2,3,2544,2,2,2,2,,2,2,2,99,4,8,84,4,4,4,4,2\
,,2,3,2,,2,3,4,4,4,487,,,,,,,,265,,,,,,,1],[21,,15,1],[139,4,4,4,20,4,4,4,20,4\
,4,4,20,4,4,4],[139,4,12,4,12,4,12,4,12,4,12,4,12,4,12,4],[31,,,32,3,3,12,,,2,\
,,104,,,32,3,3,16,88,,,16,,,16,,,13,,,,,,,,,10,,,,,,,,,10,,,,,,,,,58,,,7,,,7,,\
,7,,,7,,,7,,,4,,,,,,,,,,,,,,,,,,,,,,,,,,,568,,,,,,,,,,,,,,,,,,,,,,,,,,,713,,,2\
,,,11,,,,,,,,,10,,,,,,,,,10,,,,,,,,,11,,,2,,,11,,,,,,,,,10,,,,,,,,,10,,,,,,,,,\
11,,,2,,,12,1470,,2,,,12,,,,,,,,11,,2,,,,,11,,2,,2,,12,3,2,13,3,2,,12,3,3,15,3\
,1336,,,7,,,23,3,3,3,3,3,7,5,,,2,,,104,,,32,3,3,16,79,,,7,,,7,,,7,,,7,,,7,,,4,\
,,,,,,,,,,,,,,,,,3313,,,,,,,,,,,,,,,,,,,,,,,,,,,,,,,,,,,,58,,,7,,,7,,,7,,,7,,,\
7,,,4,,,,,,,,,,,,,,,,,,,,,,,,,,,,,,,,,,,,,,,,,,,,,,3503,,,,,,,,704,,,2,,,3,,,2\
,,,3,,,,,,,,,,,,,,,,,2,,2,,,,,,,,,,,,,,2,,2,,2,,,,,,,,,,,3,3,2,3,,,2,,,4,3,2,,\
,,,,,,,,,3,3,3,,,,,,,,4337,,6,3,,,,,,,,,,11,,,2,,,12,,,2,,,12,,,,,,,,11,,2,,,,\
,11,,2,,2,,12,3,2,13,3,2,,12,3,3,15,3],[11,2,,,13,,,,,,,,,29,,2,,2,12,,2,,2,,1\
1,3,3],[11,2,,,13,,,,,,,,,29,2,,,13,,,,,,,,1],[2,2],[3,1],[10,,,2,,1],[2,1],[4\
,5,,6,6],[39,8,8,1],[3],[10,,,,,,,19,,3,1],[3],[3],[3],[10,2,2,2,18,2,2,2,2,2,\
2,2,2,2,2,2,2,2,2,2,10,2,2,2],[5],[23,,2,2,2,,24,,2,2,2,,24,,2,2,2,,24,,2,2,2,\
,24,,,,2,,,,,23,,,,,,,,,,23,,5,,,,23,,,,2,,,,,21,,2,5,,,,21,,,,5,,,,29,,,,21,,\
2,5,,,,30,32,,63],[2,3],[11,2,,1],[4,8,2,2,2,2],[4],[11,3,,22,,,,,,,,1],[4],[1\
1,11,,,23,11,,,22,,,10,,,10,,,10,,,10,,,10,,,80,3,8,,,,,,20,3,8,,,,,,19,,,,,,7\
,,,,,,7,,,,,,7,,,,,,7,,,,,,7,,,,,1],[4,4],[10,,3,,3,,3,,3,,3,1],[3,2],[20],[5,\
9,3,3,3,6],[15,,18,2,2,,20,,3,,18,2,2,,,18,2,2,2,20,2,2,24],[11,4],[10,4],[2,1\
],[4],[11,2,,,5,2,,1],[22,2,8],[4],[4,2],[5]];

# number of racks in this file = 16023

